-0.499987 0.00219727 3.1372 0.533991 0.00439457 -0.616768
-0.499948 0.0065918 3.12841 0.533725 0.00439492 -1.85201
-0.499871 0.0109863 3.11962 0.533183 0.0043956 -3.09481
-0.499755 0.0153809 3.11083 0.532351 0.00439662 -4.34791
-0.4996 0.0197754 3.10203 0.531217 0.00439798 -5.60694
-0.499406 0.0241699 3.09323 0.529772 0.00439969 -6.87419
-0.499174 0.0285645 3.08443 0.528011 0.00440173 -8.15932
-0.498903 0.032959 3.07563 0.525926 0.00440412 -9.45983
-0.498593 0.0373535 3.06681 0.523512 0.00440684 -10.7699
-0.498245 0.041748 3.058 0.520776 0.0044099 -12.0719
-0.497857 0.0461426 3.04917 0.517737 0.0044133 -13.3284
-0.497432 0.0505371 3.04034 0.514304 0.00441703 -14.472
-0.496967 0.0549316 3.03151 0.510964 0.0044211 -15.375
-0.496653 0.0577297 3.02587 0.516593 0.00121008 -16.0844
-0.49639 0.059927 3.02145 0.515602 0.00321582 -16.6997
-0.495916 0.0637207 3.0138 0.509213 0.00443088 -18.0391
-0.49533 0.0681152 3.00493 0.502274 0.00443605 -19.6855
-0.494705 0.0725098 2.99606 0.496051 0.00444155 -21.1794
-0.494041 0.0769043 2.98717 0.490113 0.00444738 -22.4917
-0.493338 0.0812988 2.97827 0.483928 0.00445355 -23.5204
-0.492595 0.0856934 2.96935 0.478866 0.00446006 -24.0544
-0.492201 0.0879647 2.96474 0.487837 0.000150645 -24.5655
-0.491797 0.090162 2.96027 0.48832 0.0043175 -24.7857
-0.490983 0.0944824 2.95148 0.47392 0.00447548 -27.9575
-0.490116 0.098877 2.94252 0.462661 0.00448311 -29.2744
-0.48921 0.103271 2.93355 0.453551 0.00449107 -30.1904
-0.48827 0.107638 2.92461 0.461624 0.00444269 -30.4484
-0.487787 0.109836 2.92012 0.460637 5.67051e-05 -30.3804
-0.487274 0.112061 2.91555 0.458122 0.00451003 -30.7221
-0.48624 0.116455 2.90652 0.439358 0.00451914 -34.9359
-0.485166 0.12085 2.89747 0.424882 0.00452858 -35.7173
-0.484052 0.125244 2.8884 0.416053 0.00453834 -35.6458
-0.483442 0.127605 2.88353 0.426845 0.000337873 -35.8706
-0.48285 0.129802 2.87898 0.427801 0.00421314 -35.5353
-0.48169 0.134033 2.8702 0.40647 0.00456182 -40.1022
-0.480446 0.138428 2.86107 0.390339 0.00457275 -40.2317
-0.479409 0.14199 2.85365 0.397291 0.00284792 -40.2983
-0.478755 0.144187 2.84906 0.394414 0.00173739 -39.042
-0.477827 0.147217 2.84272 0.383065 0.00459923 -41.8237
-0.47645 0.151611 2.83351 0.363357 0.00461134 -44.3588
-0.47518 0.155553 2.82523 0.367776 0.00367184 -44.1411
-0.47446 0.157751 2.82061 0.365058 0.00095279 -43.5962
-0.473565 0.1604 2.81501 0.35636 0.00464093 -44.6149
-0.472052 0.164795 2.80572 0.333416 0.00465424 -48.0577
-0.47075 0.168487 2.79789 0.336375 0.00317552 -47.698
-0.469961 0.170684 2.79322 0.332782 0.00149394 -47.8036
-0.468892 0.173584 2.78704 0.320233 0.00468705 -49.0325
-0.467241 0.177979 2.77765 0.298341 0.00470156 -51.0591
-0.466113 0.180927 2.77133 0.304662 0.00161282 -50.6047
-0.465252 0.183124 2.76661 0.30232 0.00310746 -49.5493
-0.463798 0.186768 2.75877 0.279445 0.00473771 -54.0116
-0.462169 0.190768 2.75013 0.277121 0.00390015 -53.9437
-0.461262 0.192965 2.74538 0.274078 0.000854475 -54.0897
-0.460162 0.195557 2.73974 0.263575 0.00477639 -54.4072
-0.458269 0.199951 2.73017 0.237961 0.00479302 -56.0111
-0.457172 0.202465 2.72469 0.244154 0.000692154 -55.8809
-0.456186 0.204662 2.71987 0.243285 0.00412441 -55.6556
-0.454333 0.20874 2.71091 0.214327 0.00483523 -58.8776
-0.45298 0.211671 2.70446 0.216116 0.00162017 -58.6447
-0.451944 0.213868 2.6996 0.212572 0.00323863 -58.1504
-0.45019 0.217529 2.69148 0.187657 0.00488014 -61.0019
-0.448686 0.220627 2.68459 0.185602 0.00200724 -60.9978
-0.447597 0.222824 2.67969 0.180625 0.00289728 -62.9776
-0.445837 0.226318 2.67186 0.157957 0.00492784 -62.8884
-0.444285 0.229361 2.66503 0.155487 0.00190283 -62.9644
-0.443141 0.231558 2.66008 0.150487 0.00305118 -64.9589
-0.441265 0.235107 2.65205 0.127013 0.00497841 -64.586
-0.439774 0.237897 2.64572 0.124729 0.00134759 -64.6534
-0.438574 0.240094 2.64071 0.119941 0.00365989 -67.2313
-0.436469 0.243896 2.63202 0.0939221 0.00503194 -66.1709
-0.435151 0.246257 2.62662 0.0979808 0.000374893 -65.8806
-0.433892 0.248454 2.62155 0.0976381 0.00469033 -66.2283
-0.431694 0.252253 2.61277 0.0777087 0.00408774 -68.9745
-0.430409 0.254451 2.60768 0.0713805 0.00100338 -71.1641
-0.428836 0.25708 2.60155 0.0579199 0.00512486 -70.4597
-0.426894 0.2603 2.59403 0.0453929 0.00239597 -71.1344
-0.425545 0.262497 2.58888 0.0362922 0.00275999 -73.9587
-0.423443 0.265869 2.58093 0.0132603 0.00518677 -71.159
-0.42197 0.268216 2.57539 0.0145113 0.000355148 -70.843
-0.420556 0.270413 2.57016 0.0128656 0.0048707 -73.1636
-0.418359 0.273804 2.56208 -0.00724145 0.00320928 -73.9191
-0.416915 0.276001 2.55682 -0.0179386 0.0020492 -76.8983
-0.414874 0.279053 2.54948 -0.0365989 0.0052945 -73.9092
-0.413242 0.281478 2.54363 -0.0381709 0.000551967 -74.0882
-0.411727 0.283675 2.5383 -0.0415287 0.00478488 -76.0392
-0.40953 0.286842 2.53059 -0.0608445 0.00292373 -76.6006
-0.407983 0.289039 2.52521 -0.0726406 0.00245055 -79.7651
-0.405786 0.29211 2.51766 -0.0870814 0.00510234 -76.7782
-0.404205 0.294308 2.51225 -0.0875603 0.000311137 -77.5371
-0.402493 0.296631 2.50647 -0.0953791 0.00546092 -77.4165
-0.400387 0.299476 2.49939 -0.110904 0.00161813 -78.1068
-0.398729 0.301673 2.49389 -0.123452 0.00388685 -81.1055
-0.396532 0.304557 2.48664 -0.140758 0.00336369 -80.1554
-0.394837 0.306754 2.48109 -0.150886 0.00218623 -82.1802
-0.39264 0.309555 2.47397 -0.163456 0.00493487 -80.1171
-0.390907 0.311753 2.46837 -0.167496 0.000662152 -81.6412
-0.388926 0.314209 2.46206 -0.177628 0.00564952 -80.1205
-0.386935 0.31667 2.45573 -0.187377 0.000681026 -80.1531
-0.385116 0.318867 2.45002 -0.196525 0.00502286 -81.8815
-0.382919 0.321509 2.44315 -0.212366 0.00184992 -81.8188
-0.381059 0.323706 2.43739 -0.225421 0.00390794 -84.1243
-0.378862 0.326277 2.43063 -0.239761 0.00285639 -83.2892
-0.376958 0.328475 2.42482 -0.250696 0.00295808 -84.4936
-0.374761 0.330978 2.41815 -0.26254 0.00370328 -83.8107
-0.372812 0.333175 2.41228 -0.271656 0.0021706 -85.4779
-0.370615 0.335613 2.40572 -0.283092 0.00439296 -84.5869
-0.368619 0.33781 2.39978 -0.292126 0.00154326 -86.3976
-0.366422 0.340185 2.39331 -0.303376 0.00492739 -85.2695
-0.364378 0.342382 2.38731 -0.312384 0.0010743 -87.156
-0.362181 0.344696 2.38092 -0.323532 0.00530806 -85.8796
-0.360087 0.346893 2.37485 -0.332954 0.000762387 -87.7477
-0.35789 0.349149 2.36856 -0.344088 0.00553604 -86.4466
-0.355744 0.351347 2.36241 -0.354294 0.00060665 -88.152
-0.353547 0.353547 2.35619 -0.365393 0.00561196 -86.9693
-0.351347 0.355744 2.34998 -0.376598 0.00060665 -88.4385
-0.349149 0.35789 2.34383 -0.387648 0.00553604 -87.4871
-0.346893 0.360087 2.33753 -0.399856 0.000762387 -88.6739
-0.344696 0.362181 2.33146 -0.410844 0.00530806 -87.9587
-0.342382 0.364378 2.32508 -0.423793 0.0010743 -88.9278
-0.340185 0.366422 2.31908 -0.434721 0.00492739 -88.3999
-0.33781 0.368619 2.31261 -0.447976 0.00154326 -89.2599
-0.335613 0.370615 2.30667 -0.458817 0.00439296 -88.7898
-0.333175 0.372812 2.30011 -0.472104 0.0021706 -89.6566
-0.330978 0.374761 2.29424 -0.482769 0.00370328 -89.1013
-0.328475 0.376958 2.28757 -0.495681 0.00295808 -90.0286
-0.326277 0.378862 2.28176 -0.5064 0.00285639 -89.4671
-0.323706 0.381059 2.27499 -0.519068 0.00390794 -90.1602
-0.321509 0.382919 2.26924 -0.52822 0.00184992 -89.2685
-0.318867 0.385116 2.26236 -0.538724 0.00502286 -89.6304
-0.31667 0.386935 2.25666 -0.543818 0.000681026 -88.9677
-0.314209 0.388926 2.25033 -0.549106 0.00564952 -88.7445
-0.311753 0.390907 2.24402 -0.562386 0.000662152 -88.84
-0.309555 0.39264 2.23842 -0.571224 0.00493487 -90.4536
-0.306754 0.394837 2.2313 -0.591213 0.00218623 -91.693
-0.304557 0.396532 2.22575 -0.602943 0.00336369 -91.1158
-0.301673 0.398729 2.2185 -0.617593 0.00388685 -91.5863
-0.299476 0.400387 2.21299 -0.62391 0.00161813 -90.4396
-0.296631 0.402493 2.20591 -0.63091 0.00546092 -89.5685
-0.294308 0.404205 2.20014 -0.639311 0.000311137 -87.6531
-0.29211 0.405786 2.19473 -0.642162 0.00510234 -90.6693
-0.289039 0.407983 2.18718 -0.665176 0.00245055 -92.3026
-0.286842 0.40953 2.1818 -0.677208 0.00292373 -91.4388
-0.283675 0.411727 2.17409 -0.692152 0.00478488 -91.2286
-0.281478 0.413242 2.16876 -0.691548 0.000551967 -90.385
-0.279053 0.414874 2.16291 -0.687884 0.0052945 -89.3873
-0.276001 0.416915 2.15557 -0.71199 0.0020492 -90.8258
-0.273804 0.418359 2.15031 -0.724265 0.00320928 -91.3795
-0.270413 0.420556 2.14223 -0.743433 0.0048707 -91.4604
-0.268216 0.42197 2.137 -0.740706 0.000355148 -89.5896
-0.265869 0.423443 2.13146 -0.733258 0.00518677 -89.0655
-0.262497 0.425545 2.12351 -0.761851 0.00275999 -90.9936
-0.2603 0.426894 2.11836 -0.770991 0.00239597 -91.0668
-0.25708 0.428836 2.11084 -0.781423 0.00512486 -90.4236
-0.254451 0.430409 2.10471 -0.795304 0.00100338 -88.769
-0.252253 0.431694 2.09962 -0.801318 0.00408774 -90.5723
-0.248454 0.433892 2.09084 -0.82352 0.00469033 -87.6909
-0.246257 0.435151 2.08577 -0.818546 0.000374893 -88.6362
-0.243896 0.436469 2.08037 -0.805883 0.00503194 -88.3157
-0.240094 0.438574 2.07167 -0.839694 0.00365989 -90.2017
-0.237897 0.439774 2.06667 -0.842711 0.00134759 -89.2589
-0.235107 0.441265 2.06034 -0.84043 0.00497841 -89.0162
-0.231558 0.443141 2.05231 -0.868655 0.00305118 -89.0307
-0.229361 0.444285 2.04736 -0.872299 0.00190283 -88.9487
-0.226318 0.445837 2.04053 -0.870839 0.00492784 -88.341
-0.222824 0.447597 2.0327 -0.897187 0.00289728 -87.7707
-0.220627 0.448686 2.0278 -0.899961 0.00200724 -87.9667
-0.217529 0.45019 2.02091 -0.896477 0.00488014 -87.4701
-0.213868 0.451944 2.01279 -0.925835 0.00323863 -84.2299
-0.211671 0.45298 2.00793 -0.926007 0.00162017 -86.7439
-0.20874 0.454333 2.00148 -0.916245 0.00483523 -86.6578
-0.204662 0.456186 1.99252 -0.951732 0.00412441 -83.7921
-0.202465 0.457172 1.9877 -0.946845 0.000692154 -85.2217
-0.199951 0.458269 1.98221 -0.929113 0.00479302 -84.8551
-0.195557 0.460162 1.97264 -0.962859 0.00477639 -84.8879
-0.192965 0.461262 1.96701 -0.974005 0.000854475 -85.0173
-0.190768 0.462169 1.96226 -0.97565 0.00390015 -85.4549
-0.186768 0.463798 1.95362 -0.977647 0.00473771 -85.9288
-0.183124 0.465252 1.94578 -1.00475 0.00310746 -79.6327
-0.180927 0.466113 1.94106 -1.00191 0.00161282 -83.1679
-0.177979 0.467241 1.93474 -0.981611 0.00470156 -82.8402
-0.173584 0.468892 1.92535 -1.01146 0.00468705 -82.1815
-0.170684 0.469961 1.91917 -1.02453 0.00149394 -80.8413
-0.168487 0.47075 1.9145 -1.02557 0.00317552 -81.7698
-0.164795 0.472052 1.90667 -1.01452 0.00465424 -82.3078
-0.1604 0.473565 1.89738 -1.04464 0.00464093 -78.4606
-0.157751 0.47446 1.89178 -1.05047 0.00095279 -76.6352
-0.155553 0.47518 1.88716 -1.0492 0.00367184 -79.4775
-0.151611 0.47645 1.87888 -1.03702 0.00461134 -80.5222
-0.147217 0.477827 1.86966 -1.06458 0.00459923 -77.4814
-0.144187 0.478755 1.86333 -1.07388 0.00173739 -72.0012
-0.14199 0.479409 1.85874 -1.07253 0.00284792 -77.2446
-0.138428 0.480446 1.85132 -1.05209 0.00457275 -77.1848
-0.134033 0.48169 1.84219 -1.07647 0.00456182 -78.6547
-0.129802 0.48285 1.83341 -1.10343 0.00421314 -71.8224
-0.127605 0.483442 1.82886 -1.09328 0.000337873 -74.3122
-0.125244 0.484052 1.82398 -1.06143 0.00453834 -72.5968
-0.12085 0.485166 1.81492 -1.07349 0.00452858 -75.3541
-0.116455 0.48624 1.80587 -1.09767 0.00451914 -75.741
-0.112061 0.487274 1.79684 -1.1213 0.00451003 -68.043
-0.109836 0.487787 1.79227 -1.11751 5.67051e-05 -67.4252
-0.107638 0.48827 1.78777 -1.11151 0.00444269 -70.1136
-0.103271 0.48921 1.77884 -1.0924 0.00449107 -71.371
-0.098877 0.490116 1.76987 -1.10789 0.00448311 -71.2382
-0.0944824 0.490983 1.76091 -1.1234 0.00447548 -68.801
-0.090162 0.491797 1.75211 -1.13887 0.0043175 -63.0546
-0.0879647 0.492201 1.74765 -1.12932 0.000150645 -65.7209
-0.0856934 0.492595 1.74304 -1.09773 0.00446006 -64.0611
-0.0812988 0.493338 1.73412 -1.10266 0.00445355 -65.3703
-0.0769043 0.494041 1.72522 -1.11346 0.00444738 -65.8589
-0.0725098 0.494705 1.71633 -1.12263 0.00444155 -64.5092
-0.0681152 0.49533 1.70745 -1.13045 0.00443605 -61.8657
-0.0637207 0.495916 1.69859 -1.13654 0.00443088 -58.2001
-0.059927 0.49639 1.69094 -1.1394 0.00321582 -56.2737
-0.0577297 0.496653 1.68651 -1.13501 0.00121008 -58.4079
-0.0549316 0.496967 1.68088 -1.10943 0.0044211 -57.0847
-0.0505371 0.497432 1.67205 -1.11159 0.00441703 -57.3158
-0.0461426 0.497857 1.66321 -1.11566 0.0044133 -57.0558
-0.041748 0.498245 1.65439 -1.11864 0.0044099 -56.0562
-0.0373535 0.498593 1.64557 -1.12076 0.00440684 -54.6074
-0.032959 0.498903 1.63676 -1.12159 0.00440412 -52.9273
-0.0285645 0.499174 1.62796 -1.12107 0.00440173 -51.2438
-0.0241699 0.499406 1.61916 -1.11944 0.00439969 -49.6809
-0.0197754 0.4996 1.61036 -1.11697 0.00439798 -48.2663
-0.0153809 0.499755 1.60156 -1.11393 0.00439662 -46.9629
-0.0109863 0.499871 1.59277 -1.11046 0.0043956 -45.7556
-0.0065918 0.499948 1.58398 -1.10668 0.00439492 -44.5772
-0.00219727 0.499987 1.57519 -1.10271 0.00439457 -43.4115
0.00219727 0.499987 1.5664 -1.09864 0.00439457 -42.2361
0.0065918 0.499948 1.55761 -1.09452 0.00439492 -41.0483
0.0109863 0.499871 1.54882 -1.09038 0.0043956 -39.8427
0.0153809 0.499755 1.54003 -1.0862 0.00439662 -38.6392
0.0197754 0.4996 1.53123 -1.08195 0.00439798 -37.429
0.0241699 0.499406 1.52244 -1.07758 0.00439969 -36.2148
0.0285645 0.499174 1.51364 -1.07304 0.00440173 -34.9939
0.032959 0.498903 1.50483 -1.06828 0.00440412 -33.7606
0.0373535 0.498593 1.49602 -1.06325 0.00440684 -32.5106
0.041748 0.498245 1.4872 -1.05791 0.0044099 -31.2363
0.0461426 0.497857 1.47838 -1.05223 0.0044133 -29.9199
0.0505371 0.497432 1.46955 -1.04643 0.00441703 -28.5203
0.0549316 0.496967 1.46071 -1.0399 0.0044211 -26.8967
0.059927 0.49639 1.45065 -1.02101 0.00321582 -23.6458
0.0577297 0.496653 1.45508 -1.02543 0.00121008 -26.0844
0.0637207 0.495916 1.44301 -1.01928 0.00443088 -23.5318
0.0681152 0.49533 1.43414 -1.01619 0.00443605 -23.0444
0.090162 0.491797 1.38948 -0.975307 0.0043175 -15.2986
0.0944824 0.490983 1.38069 -0.97246 0.00447548 -15.5617
0.098877 0.490116 1.37173 -0.967732 0.00448311 -14.7226
0.103271 0.48921 1.36275 -0.961751 0.00449107 -13.7043
0.109836 0.487787 1.34932 -0.944711 5.67051e-05 -10.2279
0.107638 0.48827 1.35382 -0.9497 0.00444269 -12.4027
0.112061 0.487274 1.34475 -0.940062 0.00451003 -9.70835
0.116455 0.48624 1.33572 -0.935151 0.00451914 -9.7742
0.12085 0.485166 1.32668 -0.929403 0.00452858 -8.93811
0.129802 0.48285 1.30818 -0.91005 0.00421314 -5.49875
0.125244 0.484052 1.31761 -0.922374 0.00453834 -7.85722
0.127605 0.483442 1.31273 -0.915037 0.000337873 -7.30144
0.134033 0.48169 1.29941 -0.903912 0.00456182 -5.26375
0.138428 0.480446 1.29027 -0.89723 0.00457275 -4.49527
0.0725098 0.494705 1.42526 -1.01152 0.00444155 -22.1462
0.0769043 0.494041 1.41637 -1.00583 0.00444738 -21.0599
0.0812988 0.493338 1.40747 -0.99981 0.00445355 -19.8092
0.0856934 0.492595 1.39856 -0.992662 0.00446006 -18.264
0.0879647 0.492201 1.39395 -0.981175 0.000150645 -17.6426
0.270413 0.420556 0.999365 -0.686018 0.0048707 15.3614
0.276001 0.416915 0.986027 -0.678589 0.0020492 15.8415
0.273804 0.418359 0.991285 -0.681431 0.00320928 15.6671
0.279053 0.414874 0.978683 -0.673243 0.0052945 15.6412
0.157751 0.47446 1.24981 -0.861486 0.00095279 0.541112
0.144187 0.478755 1.27826 -0.885663 0.00173739 -2.29356
0.14199 0.479409 1.28285 -0.889909 0.00284792 -3.79511
0.147217 0.477827 1.27193 -0.87998 0.00459923 -1.7637
0.151611 0.47645 1.26272 -0.872428 0.00461134 -1.27809
0.155553 0.47518 1.25443 -0.865588 0.00367184 -0.650221
0.1604 0.473565 1.24422 -0.856334 0.00464093 1.0466
0.164795 0.472052 1.23492 -0.84814 0.00465424 1.62229
0.170684 0.469961 1.22242 -0.838429 0.00149394 3.05705
0.168487 0.47075 1.22709 -0.842334 0.00317552 2.09249
0.173584 0.468892 1.21624 -0.832675 0.00468705 3.60889
0.204662 0.456186 1.14908 -0.780538 0.00412441 8.59105
0.20874 0.454333 1.14012 -0.771374 0.00483523 9.35938
0.183124 0.465252 1.19582 -0.816722 0.00310746 5.11084
0.177979 0.467241 1.20685 -0.824191 0.00470156 4.164
0.180927 0.466113 1.20054 -0.820282 0.00161282 4.45757
0.186768 0.463798 1.18797 -0.808976 0.00473771 6.01831
0.192965 0.461262 1.17458 -0.799835 0.000854475 6.94895
0.190768 0.462169 1.17933 -0.803303 0.00390015 6.36459
0.195557 0.460162 1.16895 -0.794786 0.00477639 7.37343
0.199951 0.458269 1.15938 -0.785669 0.00479302 7.90583
0.202465 0.457172 1.15389 -0.783406 0.000692154 8.09653
0.213868 0.451944 1.1288 -0.765364 0.00323863 9.82059
0.211671 0.45298 1.13366 -0.768388 0.00162017 9.53542
0.217529 0.45019 1.12068 -0.75727 0.00488014 10.5501
0.222824 0.447597 1.10889 -0.750752 0.00289728 11.2773
0.226318 0.445837 1.10107 -0.743364 0.00492784 11.5767
0.220627 0.448686 1.1138 -0.753811 0.00200724 10.758
0.240094 0.438574 1.06992 -0.724764 0.00365989 13.2486
0.243896 0.436469 1.06123 -0.716661 0.00503194 13.2527
0.231558 0.443141 1.08928 -0.737342 0.00305118 12.2202
0.229361 0.444285 1.09424 -0.740208 0.00190283 11.7908
0.235107 0.441265 1.08125 -0.72993 0.00497841 12.4766
0.237897 0.439774 1.07493 -0.727382 0.00134759 12.6724
0.254451 0.430409 1.03689 -0.705577 0.00100338 14.108
0.248454 0.433892 1.05075 -0.714094 0.00469033 13.4236
0.246257 0.435151 1.05582 -0.715765 0.000374893 13.3259
0.252253 0.431694 1.04198 -0.70816 0.00408774 14.0916
0.25708 0.428836 1.03076 -0.701109 0.00512486 14.4939
0.262497 0.425545 1.01808 -0.694677 0.00275999 15.1418
0.2603 0.426894 1.02324 -0.697436 0.00239597 14.8376
0.265869 0.423443 1.01013 -0.688118 0.00518677 14.9188
0.268216 0.42197 1.00459 -0.687332 0.000355148 15.0436
0.420556 0.270413 0.571431 -0.626104 0.0048707 36.8611
0.416915 0.276001 0.58477 -0.633492 0.0020492 35.1046
0.414874 0.279053 0.592114 -0.638862 0.0052945 33.3132
0.418359 0.273804 0.579511 -0.631261 0.00320928 36.3276
0.491797 0.090162 0.181318 -0.0865147 0.0043175 33.8686
0.490983 0.0944824 0.190111 -0.109425 0.00447548 38.0347
0.490116 0.098877 0.19907 -0.127664 0.00448311 39.4546
0.48921 0.103271 0.208044 -0.142537 0.00449107 40.3076
0.487787 0.109836 0.221477 -0.137714 5.67051e-05 41.3346
0.487274 0.112061 0.226044 -0.143021 0.00451003 41.5501
0.48827 0.107638 0.216978 -0.134539 0.00444269 40.3676
0.48624 0.116455 0.235073 -0.172241 0.00451914 46.8092
0.485166 0.12085 0.244121 -0.194752 0.00452858 47.2399
0.48285 0.129802 0.262616 -0.198238 0.00421314 47.2452
0.48169 0.134033 0.271391 -0.23047 0.00456182 52.6349
0.480446 0.138428 0.280525 -0.254833 0.00457275 52.0203
0.484052 0.125244 0.253188 -0.209261 0.00453834 46.6482
0.483442 0.127605 0.258065 -0.197515 0.000337873 46.6781
0.499987 0.00219727 0.00439462 0.00399655 0.00439463 0.847661
0.499948 0.0065918 0.0131842 0.00348899 0.0043948 2.54699
0.499871 0.0109863 0.0219748 0.00247959 0.00439582 4.24187
0.499755 0.0153809 0.0307671 0.000935309 0.00439633 5.94963
0.4996 0.0197754 0.0395618 -0.00113859 0.00439798 7.6656
0.499406 0.0241699 0.0483596 -0.00377836 0.00439969 9.40216
0.499174 0.0285645 0.0571611 -0.00699589 0.00440173 11.1564
0.498903 0.032959 0.0659671 -0.0107917 0.00440412 12.9211
0.498593 0.0373535 0.0747781 -0.0151628 0.00440684 14.683
0.498245 0.041748 0.083595 -0.0200886 0.0044099 16.4133
0.497857 0.0461426 0.0924183 -0.0255256 0.0044133 18.0596
0.497432 0.0505371 0.101249 -0.0315553 0.00441703 19.5316
0.49639 0.059927 0.120144 -0.0333864 0.00321582 22.9419
0.496967 0.0549316 0.110087 -0.037515 0.0044211 20.683
0.496653 0.0577297 0.115718 -0.0310921 0.00121008 21.5883
0.495916 0.0637207 0.127791 -0.0440214 0.00443088 24.7442
0.49533 0.0681152 0.136658 -0.0557093 0.00443605 26.8943
0.494705 0.0725098 0.145536 -0.0663489 0.00444155 28.7907
0.494041 0.0769043 0.154425 -0.076573 0.00444738 30.4065
0.493338 0.0812988 0.163326 -0.0870712 0.00445355 31.6072
0.492595 0.0856934 0.172239 -0.0960741 0.00446006 32.1716
0.492201 0.0879647 0.17685 -0.0857143 0.000150645 32.7587
0.456186 0.204662 0.42172 -0.476734 0.00412441 56.6999
0.454333 0.20874 0.430679 -0.507087 0.00483523 58.3278
0.47446 0.157751 0.320987 -0.30437 0.00095279 55.2576
0.473565 0.1604 0.32658 -0.317772 0.00464093 55.758
0.472052 0.164795 0.335876 -0.349713 0.00465424 58.7798
0.469961 0.170684 0.348375 -0.3553 0.00149394 58.0945
0.468892 0.173584 0.354556 -0.372808 0.00468705 58.5923
0.47075 0.168487 0.343706 -0.349176 0.00317552 57.3864
0.478755 0.144187 0.292531 -0.254643 0.00173739 50.9241
0.477827 0.147217 0.298868 -0.272408 0.00459923 53.9177
0.479409 0.14199 0.287946 -0.248877 0.00284792 51.5279
0.47645 0.151611 0.308079 -0.301224 0.00461134 56.1047
0.47518 0.155553 0.316362 -0.298979 0.00367184 55.0108
0.465252 0.183124 0.37498 -0.400687 0.00310746 57.058
0.461262 0.192965 0.396217 -0.438752 0.000854475 59.4035
0.463798 0.186768 0.382825 -0.429188 0.00473771 60.8606
0.462169 0.190768 0.391463 -0.434282 0.00390015 59.3788
0.467241 0.177979 0.363945 -0.401681 0.00470156 59.5913
0.466113 0.180927 0.370259 -0.396502 0.00161282 58.1669
0.460162 0.195557 0.401848 -0.451508 0.00477639 58.6437
0.458269 0.199951 0.411418 -0.480667 0.00479302 58.6887
0.457172 0.202465 0.416903 -0.475115 0.000692154 57.6326
0.438574 0.240094 0.500878 -0.583706 0.00365989 49.9192
0.436469 0.243896 0.50957 -0.601002 0.00503194 47.6757
0.447597 0.222824 0.461905 -0.539318 0.00289728 55.6213
0.445837 0.226318 0.46973 -0.558773 0.00492784 54.0614
0.451944 0.213868 0.441994 -0.509506 0.00323863 55.3919
0.45019 0.217529 0.450113 -0.533362 0.00488014 56.5689
0.45298 0.211671 0.437135 -0.505832 0.00162017 56.9444
0.448686 0.220627 0.457 -0.535091 0.00200724 55.3113
0.443141 0.231558 0.481515 -0.563401 0.00305118 52.7405
0.441265 0.235107 0.489544 -0.581154 0.00497841 51.0031
0.444285 0.229361 0.476561 -0.559997 0.00190283 52.9009
0.439774 0.237897 0.49587 -0.581313 0.00134759 49.9817
0.430409 0.254451 0.533911 -0.607729 0.00100338 44.0648
0.425545 0.262497 0.552717 -0.621013 0.00275999 41.3638
0.428836 0.25708 0.54004 -0.614235 0.00512486 42.9498
0.426894 0.2603 0.547561 -0.618157 0.00239597 42.2723
0.433892 0.248454 0.520042 -0.595344 0.00469033 44.7015
0.431694 0.252253 0.52882 -0.605506 0.00408774 45.1771
0.435151 0.246257 0.514977 -0.596536 0.000374893 46.6095
0.423443 0.265869 0.560663 -0.630747 0.00518677 38.8723
0.42197 0.268216 0.566205 -0.627576 0.000355148 38.0877
0.294308 0.404205 0.94145 -0.659945 0.000311137 15.5536
0.296631 0.402493 0.935678 -0.65765 0.00546092 16.1037
0.283675 0.411727 0.967499 -0.671128 0.00478488 15.9466
0.289039 0.407983 0.954416 -0.664812 0.00245055 16.4577
0.286842 0.40953 0.959791 -0.667403 0.00292373 16.2312
0.281478 0.413242 0.972836 -0.672336 0.000551967 15.8687
0.29211 0.405786 0.946863 -0.660783 0.00510234 16.2019
0.306754 0.394837 0.910293 -0.649017 0.00218623 16.5507
0.301673 0.398729 0.923094 -0.653711 0.00388685 16.5393
0.299476 0.400387 0.928599 -0.655456 0.00161813 16.4499
0.304557 0.396532 0.915843 -0.650937 0.00336369 16.661
0.311753 0.390907 0.897575 -0.645076 0.000662152 15.979
0.309555 0.39264 0.903172 -0.646134 0.00493487 16.5435
0.314209 0.388926 0.891263 -0.642862 0.00564952 16.2737
0.318867 0.385116 0.879228 -0.64109 0.00502286 16.3062
0.323706 0.381059 0.866598 -0.638483 0.00390794 16.235
0.321509 0.382919 0.872356 -0.639644 0.00184992 16.5753
0.330681 0.375017 0.848142 -0.634576 0.00880908 16.7273
0.326277 0.378862 0.859833 -0.63691 0.00285639 16.532
0.340012 0.36658 0.822981 -0.631573 0.00753137 16.8199
0.349093 0.357944 0.797915 -0.630161 0.00689734 17.0683
0.344696 0.362181 0.810129 -0.630623 0.00530806 16.2653
0.335613 0.370615 0.83492 -0.632773 0.00439296 16.3474
0.31667 0.386935 0.884932 -0.641948 0.000681026 16.5558
0.357944 0.349093 0.772881 -0.630363 0.00689734 17.5137
0.36658 0.340012 0.747816 -0.631925 0.00753137 18.3129
0.362181 0.344696 0.760668 -0.631139 0.00530806 16.9945
0.375017 0.330681 0.722654 -0.634019 0.00880908 19.6104
0.381059 0.323706 0.704199 -0.635453 0.00390794 19.3399
0.385116 0.318867 0.691568 -0.636129 0.00502286 20.2589
0.382919 0.321509 0.698441 -0.635804 0.00184992 20.5301
0.378862 0.326277 0.710963 -0.635068 0.00285639 19.5874
0.370615 0.335613 0.735877 -0.633176 0.00439296 17.9985
0.404205 0.294308 0.629347 -0.63859 0.000311137 25.9562
0.402493 0.296631 0.635119 -0.638628 0.00546092 26.324
0.394837 0.306754 0.660503 -0.639879 0.00218623 23.2743
0.390907 0.311753 0.673222 -0.638385 0.000662152 21.009
0.388926 0.314209 0.679533 -0.638195 0.00564952 21.266
0.39264 0.309555 0.667625 -0.639964 0.00493487 22.9389
0.398729 0.301673 0.647703 -0.639299 0.00388685 25.1693
0.396532 0.304557 0.654953 -0.640026 0.00336369 24.8564
0.400387 0.299476 0.642198 -0.638989 0.00161813 26.3967
0.407983 0.289039 0.61638 -0.639315 0.00245055 29.8221
0.411727 0.283675 0.603297 -0.635137 0.00478488 31.3861
0.40953 0.286842 0.611006 -0.637957 0.00292373 31.0621
0.405786 0.29211 0.623933 -0.641016 0.00510234 28.4717
0.413242 0.281478 0.59796 -0.63649 0.000551967 32.9748
0.386935 0.31667 0.685864 -0.637073 0.000681026 21.5362
0.353547 0.353547 0.785398 -0.630053 0.00561196 16.4432
