t dt mgp.i mgp.nrelax mgpf.i mgpf.nrelax mgu.i mgu.nrelax grid->tn perf.t perf.speed npe
0 0.000319602 0 0 0 0 0 0 13786 0 0 1
0.000319602 0.000319602 3 2 3 3 2 4 5824 0.16873 34516.7 1
0.00103445 0.00071485 4 2 4 2 2 4 5155 0.240852 45584 1
0.00184578 0.000811326 3 2 4 2 2 4 5140 0.301204 53515.2 1
0.00274497 0.000899195 2 2 3 2 2 4 5161 0.353238 60242.7 1
0.00372382 0.000978848 2 2 4 2 2 3 5170 0.406026 65143.6 1
0.00477526 0.00105143 2 2 3 2 2 2 5236 0.452236 70065.2 1
0.00589063 0.00111537 2 2 3 2 2 2 5275 0.496626 74424.2 1
0.00706708 0.00117645 2 2 3 2 2 2 5320 0.538376 78534.3 1
0.00829634 0.00122926 2 2 4 2 2 2 5365 0.582979 81728.5 1
0.00957681 0.00128048 2 2 3 2 2 2 5410 0.625009 84888.4 1
0.0108987 0.0013219 2 2 3 2 2 2 5434 0.66985 87318.1 1
0.0122611 0.0013624 2 2 3 2 2 2 5494 0.712067 89856.7 1
0.0136627 0.00140155 3 2 4 2 2 2 5605 0.762811 91227.1 1
0.0150973 0.00143462 2 2 3 2 2 2 5641 0.805592 93384.7 1
0.0165622 0.00146496 2 2 3 2 2 2 5671 0.848476 95348.6 1
0.0180543 0.00149209 2 2 3 2 2 2 5704 0.891699 97123.6 1
0.0195747 0.00152033 2 2 3 2 2 2 5755 0.935141 98765.9 1
0.0211194 0.00154478 2 2 3 2 2 2 5800 0.978553 100311 1
0.0226844 0.00156497 2 2 3 2 2 2 5818 1.02217 101723 1
0.0242702 0.00158577 2 2 4 2 2 2 5851 1.06872 102767 1
0.0258774 0.0016072 2 2 3 2 2 2 5890 1.1154 103747 1
0.0275011 0.00162371 2 2 3 2 2 2 5926 1.15956 104906 1
0.0291417 0.00164062 2 2 3 2 2 2 5986 1.20388 106017 1
0.0307938 0.00165213 2 2 3 2 2 2 6022 1.24846 107055 1
0.0324636 0.00166977 2 2 3 2 2 2 6067 1.29305 108055 1
0.0341454 0.00168179 2 2 3 2 2 2 6085 1.33774 108994 1
0.0358394 0.00169402 2 2 2 2 2 2 6112 1.37969 110109 1
0.0375396 0.00170022 2 2 3 2 2 2 6169 1.42451 110976 1
0.0392525 0.00171282 2 2 3 2 2 2 6211 1.46952 111803 1
0.0409717 0.00171921 2 2 2 2 2 2 6229 1.51169 112805 1
0.0427038 0.00173218 2 2 2 2 2 2 6259 1.55661 113570 1
0.0444426 0.00173877 2 2 2 2 2 2 6301 1.59897 114502 1
0.046188 0.00174543 2 2 2 2 2 2 6340 1.64145 115402 1
0.0479402 0.00175217 2 2 2 2 2 2 6367 1.68401 116266 1
0.0496992 0.00175899 2 2 2 2 2 2 6409 1.72662 117109 1
0.0514651 0.00176589 2 2 2 2 2 2 6436 1.76911 117934 1
0.0532379 0.00177287 2 2 3 2 2 2 6478 1.81453 118552 1
0.0550108 0.00177287 2 2 3 2 2 2 6490 1.86007 119138 1
0.0567908 0.00177996 2 2 2 2 2 2 6511 1.90274 119889 1
0.0585779 0.00178713 2 2 3 2 2 2 6541 1.94841 120436 1
0.060365 0.00178713 2 2 3 2 2 2 6565 1.99701 120792 1
0.0621595 0.00179443 2 2 3 2 2 2 6622 2.04284 121324 1
0.0639539 0.00179443 2 2 3 2 2 2 6676 2.08888 121846 1
0.0657557 0.00180184 2 2 3 2 2 2 6691 2.13533 122329 1
0.0675576 0.00180184 2 2 3 2 2 2 6736 2.18188 122806 1
0.0693594 0.00180184 2 2 3 2 2 2 6772 2.22856 123272 1
0.0711688 0.00180941 2 2 2 2 2 2 6787 2.27239 123881 1
0.0729783 0.00180941 2 2 3 2 2 2 6802 2.31919 124314 1
0.0747877 0.00180941 2 2 3 2 2 2 6841 2.366 124746 1
0.0766048 0.00181715 2 2 2 2 2 2 6856 2.40994 125317 1
0.078422 0.00181715 2 2 2 2 2 2 6901 2.45689 125731 1
0.0802391 0.00181715 2 2 3 2 2 2 6931 2.50403 126132 1
0.0820563 0.00181715 2 2 3 2 2 2 6967 2.55126 126528 1
0.0838813 0.00182508 2 2 2 2 2 2 6991 2.59559 127060 1
0.0857064 0.00182508 2 2 2 2 2 2 7027 2.64003 127583 1
0.0875315 0.00182508 2 2 2 2 2 2 7057 2.68454 128096 1
0.0893566 0.00182508 2 2 2 2 2 2 7087 2.72912 128601 1
0.0911817 0.00182508 2 2 2 2 2 2 7108 2.7738 129092 1
0.0930149 0.00183327 2 2 2 2 2 2 7129 2.81859 129570 1
0.0948482 0.00183327 2 2 3 2 2 2 7144 2.86646 129898 1
0.0966815 0.00183327 2 2 3 2 2 2 7174 2.91737 130091 1
0.0985147 0.00183327 2 2 2 2 2 2 7219 2.96237 130551 1
0.100348 0.00183327 2 2 2 2 2 2 7228 3.00748 130996 1
0.102181 0.00183327 2 2 2 2 2 2 7258 3.05264 131436 1
0.104023 0.00184175 2 2 2 2 2 2 7282 3.09785 131869 1
0.105865 0.00184175 2 2 2 2 2 2 7309 3.14313 132294 1
0.107707 0.00184175 2 2 2 2 2 2 7348 3.18856 132714 1
0.109548 0.00184175 2 2 2 2 2 2 7360 3.23401 133124 1
0.11139 0.00184175 2 2 2 2 2 2 7381 3.27955 133526 1
0.113232 0.00184175 2 2 2 2 2 2 7408 3.32519 133921 1
0.115074 0.00184175 2 2 2 2 2 2 7426 3.374 134185 1
0.116915 0.00184175 2 2 2 2 2 2 7474 3.4197 134578 1
0.118757 0.00184175 2 2 2 2 2 2 7510 3.46549 134966 1
0.120608 0.00185069 2 2 2 2 2 2 7531 3.51146 135344 1
0.122458 0.00185069 2 2 2 2 2 2 7567 3.55743 135722 1
0.124309 0.00185069 2 2 2 2 2 2 7588 3.60357 136090 1
0.12616 0.00185069 2 2 2 2 2 2 7615 3.64982 136452 1
0.128011 0.00185069 2 2 2 2 2 2 7633 3.69614 136807 1
0.129861 0.00185069 2 2 2 2 2 2 7651 3.74252 137156 1
0.131712 0.00185069 2 2 2 2 2 2 7666 3.78898 137498 1
0.133563 0.00185069 2 2 2 2 2 2 7696 3.83869 137722 1
0.135413 0.00185069 2 2 2 2 2 2 7714 3.88521 138059 1
0.137264 0.00185069 2 2 2 2 2 2 7735 3.93179 138390 1
0.139115 0.00185069 2 2 2 2 2 2 7771 3.97844 138721 1
0.140975 0.00186023 2 2 2 2 2 2 7780 4.0253 139039 1
0.142835 0.00186023 2 2 2 2 2 2 7807 4.07211 139357 1
0.144695 0.00186023 2 2 2 2 2 2 7822 4.11899 139671 1
0.146556 0.00186023 2 2 2 2 2 2 7858 4.16595 139982 1
0.148416 0.00186023 2 2 3 2 2 2 7867 4.21624 140179 1
0.150276 0.00186023 2 2 2 2 2 2 7900 4.26335 140483 1
0.152136 0.00186023 2 2 2 2 2 2 7909 4.31377 140674 1
0.153997 0.00186023 2 2 2 2 2 2 7945 4.36098 140973 1
0.155857 0.00186023 2 2 2 2 2 2 7951 4.40842 141259 1
0.157717 0.00186023 2 2 3 2 2 2 7969 4.45902 141444 1
0.159577 0.00186023 2 2 2 2 2 2 7996 4.50639 141731 1
0.161437 0.00186023 2 2 2 2 2 2 8017 4.55382 142016 1
0.163298 0.00186023 2 2 2 2 2 2 8041 4.60134 142296 1
0.165158 0.00186023 2 2 3 2 2 2 8062 4.65211 142476 1
0.167018 0.00186023 2 2 2 2 2 2 8068 4.69979 142748 1
0.168878 0.00186023 2 2 2 2 2 2 8092 4.74745 143019 1
0.170749 0.00187074 2 2 2 2 2 2 8128 4.79921 143170 1
0.17262 0.00187074 2 2 3 2 2 2 8131 4.85025 143340 1
0.174491 0.00187074 2 2 2 2 2 2 8137 4.89799 143604 1
0.176361 0.00187074 2 2 2 2 2 2 8152 4.94547 143874 1
0.178232 0.00187074 2 2 3 2 2 2 8170 4.99617 144049 1
0.180103 0.00187074 2 2 2 2 2 2 8176 5.04389 144307 1
0.181974 0.00187074 2 2 2 2 2 2 8215 5.09165 144567 1
0.183844 0.00187074 2 2 3 2 2 2 8230 5.14262 144734 1
0.185715 0.00187074 2 2 2 2 2 2 8239 5.19054 144986 1
0.187586 0.00187074 2 2 2 2 2 2 8275 5.23852 145237 1
0.189457 0.00187074 2 2 3 2 2 2 8317 5.29294 145315 1
0.191327 0.00187074 2 2 3 2 2 2 8314 5.34407 145481 1
0.193198 0.00187074 2 2 2 2 2 2 8326 5.39205 145731 1
0.195069 0.00187074 2 2 3 2 2 2 8338 5.4429 145901 1
0.19694 0.00187074 2 2 3 2 2 2 8359 5.49388 146069 1
0.19881 0.00187074 2 2 3 2 2 2 8377 5.54496 146234 1
0.200681 0.00187074 2 2 3 2 2 2 8377 5.59608 146395 1
0.202552 0.00187074 2 2 3 2 2 2 8401 5.64718 146558 1
0.204423 0.00187074 2 2 3 2 2 2 8416 5.69834 146719 1
0.206293 0.00187074 2 2 3 2 2 2 8434 5.7495 146880 1
0.208164 0.00187074 2 2 3 2 2 2 8440 5.80428 146948 1
0.210047 0.00188281 2 2 3 2 2 2 8461 5.85576 147101 1
0.21193 0.00188281 2 2 3 2 2 2 8473 5.90736 147251 1
0.213812 0.00188281 2 2 3 2 2 2 8500 5.95903 147400 1
0.215695 0.00188281 2 2 3 2 2 2 8509 6.01079 147546 1
0.217578 0.00188281 2 2 3 2 2 2 8527 6.06261 147692 1
0.219461 0.00188281 2 2 3 2 2 2 8527 6.11446 147834 1
0.221344 0.00188281 2 2 3 2 2 2 8539 6.16634 147975 1
0.223227 0.00188281 2 2 3 2 2 2 8560 6.21827 148116 1
0.225109 0.00188281 2 2 3 2 2 2 8584 6.27026 148257 1
0.226992 0.00188281 2 2 3 2 2 2 8605 6.32584 148314 1
0.228875 0.00188281 2 2 3 2 2 2 8629 6.37798 148455 1
0.230758 0.00188281 2 2 3 2 2 2 8653 6.43071 148583 1
0.232641 0.00188281 2 2 3 2 2 2 8674 6.48304 148722 1
0.234523 0.00188281 2 2 3 2 2 2 8692 6.53543 148860 1
0.236406 0.00188281 2 2 3 2 2 2 8707 6.58788 148996 1
0.238289 0.00188281 2 2 3 2 2 2 8716 6.64034 149131 1
0.240172 0.00188281 2 2 3 2 2 2 8740 6.69289 149266 1
0.242055 0.00188281 2 2 3 2 2 2 8761 6.74566 149397 1
0.243937 0.00188281 2 2 3 2 2 2 8767 6.7984 149528 1
0.24582 0.00188281 2 2 3 2 2 2 8779 6.85494 149575 1
0.247703 0.00188281 2 2 3 2 2 2 8806 6.90804 149701 1
0.249586 0.00188281 2 2 3 2 2 2 8830 6.96116 149827 1
0.251469 0.00188281 2 2 3 2 2 2 8839 7.01433 149951 1
0.253352 0.00188281 2 2 3 2 2 2 8860 7.06757 150075 1
0.255234 0.00188281 2 2 3 2 2 2 8881 7.12084 150200 1
0.257117 0.00188281 2 2 3 2 2 2 8905 7.17427 150322 1
0.259 0.00188281 2 2 3 2 2 2 8926 7.22778 150444 1
0.260883 0.00188281 2 2 3 2 2 2 8932 7.28134 150564 1
0.262781 0.00189776 2 2 3 2 2 2 8950 7.33489 150685 1
0.264678 0.00189776 2 2 3 2 2 2 8956 7.3918 150737 1
0.266576 0.00189776 2 2 3 2 2 2 8986 7.44506 150865 1
0.268474 0.00189776 2 2 3 2 2 2 9013 7.49846 150993 1
0.270372 0.00189776 2 2 3 2 2 2 9028 7.55193 151119 1
0.272269 0.00189776 2 2 3 2 2 2 9040 7.60543 151245 1
0.274167 0.00189776 2 2 3 2 2 2 9052 7.65904 151368 1
0.276065 0.00189776 2 2 3 2 2 2 9073 7.71268 151492 1
0.277963 0.00189776 2 2 3 2 2 2 9097 7.76642 151615 1
0.27986 0.00189776 2 2 3 2 2 2 9100 7.82021 151736 1
0.281758 0.00189776 2 2 3 2 2 2 9127 7.87403 151858 1
0.283656 0.00189776 2 2 3 2 2 2 9133 7.93148 151909 1
0.285554 0.00189776 2 2 3 2 2 2 9145 7.98535 152030 1
0.287451 0.00189776 2 2 3 2 2 2 9154 8.03929 152148 1
0.289349 0.00189776 2 2 3 2 2 2 9178 8.09323 152268 1
0.291247 0.00189776 2 2 3 2 2 2 9187 8.14734 152384 1
0.293145 0.00189776 2 2 3 2 2 2 9196 8.20143 152501 1
0.295042 0.00189776 2 2 3 2 2 2 9208 8.25551 152617 1
0.29694 0.00189776 2 2 3 2 2 2 9226 8.30967 152733 1
0.298838 0.00189776 2 2 3 2 2 2 9241 8.36389 152847 1
0.300736 0.00189776 2 2 3 2 2 2 9256 8.4181 152963 1
0.302633 0.00189776 2 2 3 2 2 2 9277 8.47651 153003 1
0.304531 0.00189776 2 2 3 2 2 2 9304 8.53126 153112 1
0.306429 0.00189776 2 2 3 2 2 2 9313 8.58611 153218 1
0.308327 0.00189776 2 2 3 2 2 2 9316 8.64092 153325 1
0.310224 0.00189776 2 2 3 2 2 2 9331 8.69584 153429 1
0.312122 0.00189776 2 2 3 2 2 2 9340 8.75073 153534 1
0.31402 0.00189776 2 2 3 2 2 2 9358 8.80566 153639 1
0.315918 0.00189776 2 2 3 2 2 2 9367 8.86067 153742 1
0.317815 0.00189776 2 2 3 2 2 2 9379 8.91572 153845 1
0.319713 0.00189776 2 2 3 2 2 2 9400 8.97083 153948 1
0.321611 0.00189776 2 2 3 2 2 2 9409 9.0294 153991 1
0.323509 0.00189776 2 2 3 2 2 2 9418 9.08454 154093 1
0.325406 0.00189776 2 2 3 2 2 2 9439 9.13939 154201 1
0.327304 0.00189776 2 2 3 2 2 2 9445 9.19429 154308 1
0.329202 0.00189776 2 2 3 2 2 2 9463 9.24936 154412 1
0.3311 0.00189776 2 2 3 2 2 2 9490 9.30445 154518 1
0.332997 0.00189776 2 2 3 2 2 2 9493 9.35955 154623 1
0.334895 0.00189776 2 2 3 2 2 2 9517 9.41476 154727 1
0.336793 0.00189776 2 2 3 2 2 2 9556 9.47006 154832 1
0.338691 0.00189776 2 2 3 2 2 2 9562 9.5254 154937 1
0.340589 0.00189776 2 2 3 2 2 2 9574 9.58449 154980 1
0.342486 0.00189776 2 2 3 2 2 2 9586 9.63984 155085 1
0.344384 0.00189776 2 2 3 2 2 2 9601 9.69529 155188 1
0.346282 0.00189776 2 2 3 2 2 2 9616 9.75096 155288 1
0.34818 0.00189776 2 2 3 2 2 2 9637 9.80691 155385 1
0.350077 0.00189776 2 2 3 2 2 2 9652 9.86288 155482 1
0.351975 0.00189776 2 2 3 2 2 2 9688 9.91903 155578 1
0.353873 0.00189776 2 2 3 2 2 2 9682 9.97523 155673 1
0.355771 0.00189776 2 2 3 2 2 2 9682 10.0285 155811 1
0.357668 0.00189776 2 2 3 2 2 2 9697 10.0845 155907 1
0.359566 0.00189776 2 2 3 2 2 2 9703 10.1449 155936 1
0.361464 0.00189776 2 2 3 2 2 2 9712 10.2011 156028 1
0.363362 0.00189776 2 2 3 2 2 2 9724 10.2574 156121 1
0.365259 0.00189776 2 2 3 2 2 2 9730 10.3136 156213 1
0.367157 0.00189776 2 2 3 2 2 2 9751 10.3699 156305 1
0.369055 0.00189776 2 2 3 2 2 2 9757 10.4263 156396 1
0.370953 0.00189776 2 2 3 2 2 2 9769 10.4826 156487 1
0.37285 0.00189776 2 2 3 2 2 2 9781 10.539 156578 1
0.374748 0.00189776 2 2 3 2 2 2 9793 10.5955 156668 1
0.376646 0.00189776 2 2 3 2 2 2 9817 10.652 156757 1
0.378544 0.00189776 2 2 3 2 2 2 9829 10.7126 156789 1
0.380441 0.00189776 2 2 3 2 2 2 9844 10.7693 156877 1
0.382339 0.00189776 2 2 3 2 2 2 9856 10.8257 156971 1
0.384237 0.00189776 2 2 3 2 2 2 9862 10.882 157064 1
0.386135 0.00189776 2 2 3 2 2 2 9874 10.9384 157157 1
0.388032 0.00189776 2 2 3 2 2 2 9883 10.9948 157250 1
0.38993 0.00189776 2 2 3 2 2 2 9889 11.0513 157341 1
0.391828 0.00189776 2 2 3 2 2 2 9895 11.1078 157432 1
0.393726 0.00189776 2 2 3 2 2 2 9919 11.1643 157524 1
0.395623 0.00189776 2 2 3 2 2 2 9943 11.2209 157615 1
0.397521 0.00189776 2 2 3 2 2 2 9964 11.2819 157646 1
0.399419 0.00189776 2 2 3 2 2 2 9970 11.339 157731 1
0.401317 0.00189776 2 2 3 2 2 2 9976 11.3962 157814 1
0.403214 0.00189776 2 2 3 2 2 2 9991 11.4535 157897 1
0.405112 0.00189776 2 2 3 2 2 2 10015 11.5109 157981 1
0.40701 0.00189776 2 2 3 2 2 2 10030 11.5682 158065 1
0.408908 0.00189776 2 2 3 2 2 2 10042 11.6256 158148 1
0.410805 0.00189776 2 2 3 2 2 2 10045 11.6826 158236 1
0.412703 0.00189776 2 2 3 2 2 2 10054 11.7397 158323 1
0.414601 0.00189776 2 2 3 2 2 2 10060 11.7969 158409 1
0.416499 0.00189776 2 2 3 2 2 2 10072 11.8576 158447 1
0.418397 0.00189776 2 2 3 2 2 2 10075 11.9143 158538 1
0.420294 0.00189776 2 2 3 2 2 2 10081 11.9711 158628 1
0.422192 0.00189776 2 2 3 2 2 2 10117 12.028 158719 1
0.42409 0.00189776 2 2 3 2 2 2 10123 12.0849 158809 1
0.425988 0.00189776 2 2 3 2 2 2 10141 12.1419 158900 1
0.427885 0.00189776 2 2 3 2 2 2 10150 12.1992 158984 1
0.429783 0.00189776 2 2 3 2 2 2 10156 12.2566 159068 1
0.431681 0.00189776 2 2 3 2 2 2 10171 12.3141 159152 1
0.433579 0.00189776 2 2 3 2 2 2 10180 12.3717 159234 1
0.435476 0.00189776 2 2 3 2 2 2 10198 12.4336 159261 1
0.437374 0.00189776 2 2 3 2 2 2 10207 12.4917 159337 1
0.439272 0.00189776 2 2 3 2 2 2 10234 12.5498 159416 1
0.44117 0.00189776 2 2 3 2 2 2 10246 12.6079 159493 1
0.443067 0.00189776 2 2 3 2 2 2 10255 12.6661 159570 1
0.444965 0.00189776 2 2 3 2 2 2 10261 12.7242 159647 1
0.446863 0.00189776 2 2 3 2 2 2 10279 12.7824 159725 1
0.448761 0.00189776 2 2 3 2 2 2 10300 12.8407 159803 1
0.450658 0.00189776 2 2 3 2 2 2 10306 12.899 159879 1
0.452556 0.00189776 2 2 3 2 2 2 10321 12.9573 159956 1
0.454454 0.00189776 2 2 3 2 2 2 10336 13.0198 159983 1
0.456352 0.00189776 2 2 3 2 2 2 10342 13.0782 160058 1
0.458249 0.00189776 2 2 3 2 2 2 10357 13.1367 160135 1
0.460147 0.00189776 2 2 3 2 2 2 10366 13.195 160212 1
0.462045 0.00189776 2 2 3 2 2 2 10384 13.2532 160292 1
0.463943 0.00189776 2 2 3 2 2 2 10378 13.3114 160371 1
0.46584 0.00189776 2 2 3 2 2 2 10390 13.3696 160450 1
0.467738 0.00189776 2 2 3 2 2 2 10402 13.4278 160529 1
0.469636 0.00189776 2 2 3 2 2 2 10417 13.4861 160607 1
0.471534 0.00189776 2 2 3 2 2 2 10432 13.5444 160686 1
0.473431 0.00189776 2 2 3 2 2 2 10447 13.6073 160711 1
0.475329 0.00189776 2 2 3 2 2 2 10462 13.6662 160784 1
0.477227 0.00189776 2 2 3 2 2 2 10468 13.7251 160857 1
0.479125 0.00189776 2 2 3 2 2 2 10477 13.7841 160929 1
0.481022 0.00189776 2 2 3 2 2 2 10492 13.843 161001 1
0.48292 0.00189776 2 2 3 2 2 2 10498 13.9021 161072 1
0.484818 0.00189776 2 2 3 2 2 2 10516 13.9612 161144 1
0.486716 0.00189776 2 2 3 2 2 2 10528 14.0203 161215 1
0.488613 0.00189776 2 2 3 2 2 2 10540 14.0794 161287 1
0.490511 0.00189776 2 2 3 2 2 2 10570 14.1386 161360 1
0.492409 0.00189776 2 2 3 2 2 2 10579 14.202 161385 1
0.494307 0.00189776 2 2 3 2 2 2 10585 14.2612 161457 1
0.496204 0.00189776 2 2 3 2 2 2 10600 14.3204 161529 1
0.498102 0.00189776 2 2 3 2 2 2 10606 14.3798 161600 1
0.5 0.00189776 2 2 3 2 2 2 10618 14.4391 161671 1
0.501942 0.00194175 2 2 3 2 2 2 10618 14.4991 161735 1
0.503893 0.00195127 2 2 3 2 2 2 10633 14.5585 161805 1
0.505844 0.00195127 2 2 3 2 2 2 10660 14.6181 161875 1
0.507796 0.00195127 2 2 3 2 2 2 10663 14.6777 161943 1
0.509747 0.00195127 2 2 3 2 2 2 10690 14.7375 162012 1
0.511698 0.00195127 2 2 3 2 2 2 10696 14.8014 162036 1
0.513649 0.00195127 2 2 3 2 2 2 10699 14.8611 162104 1
0.515601 0.00195127 2 2 3 2 2 2 10708 14.9209 162173 1
0.517552 0.00195127 2 2 3 2 2 2 10717 14.9806 162241 1
0.519503 0.00195127 2 2 3 2 2 2 10732 15.0405 162309 1
0.521454 0.00195127 2 2 3 2 2 2 10747 15.1004 162377 1
0.523406 0.00195127 2 2 3 2 2 2 10759 15.1604 162444 1
0.525357 0.00195127 2 2 3 2 2 2 10777 15.2203 162512 1
0.527308 0.00195127 2 2 3 2 2 2 10792 15.2804 162580 1
0.529259 0.00195127 2 2 3 2 2 2 10798 15.3404 162648 1
0.531211 0.00195127 2 2 3 2 2 2 10807 15.4046 162671 1
0.533162 0.00195127 2 2 3 2 2 2 10834 15.4647 162740 1
0.535113 0.00195127 2 2 3 2 2 2 10846 15.5248 162808 1
0.537065 0.00195127 2 2 3 2 2 2 10858 15.585 162876 1
0.539016 0.00195127 2 2 3 2 2 2 10870 15.6453 162943 1
0.540967 0.00195127 2 2 3 2 2 2 10876 15.7056 163010 1
0.542918 0.00195127 2 2 3 2 2 2 10879 15.7656 163079 1
0.54487 0.00195127 2 2 3 2 2 2 10891 15.8255 163151 1
0.546821 0.00195127 2 2 3 2 2 2 10903 15.8853 163223 1
0.548772 0.00195127 2 2 3 2 2 2 10912 15.9452 163293 1
0.550723 0.00195127 2 2 3 2 2 2 10924 16.0102 163313 1
0.552675 0.00195127 2 2 3 2 2 2 10927 16.0708 163377 1
0.554626 0.00195127 2 2 3 2 2 2 10930 16.1314 163441 1
0.556577 0.00195127 2 2 3 2 2 2 10933 16.192 163504 1
0.558528 0.00195127 2 2 3 2 2 2 10951 16.2526 163569 1
0.560491 0.00196248 2 2 3 2 2 2 10969 16.3132 163633 1
0.562453 0.00196248 2 2 3 2 2 2 10975 16.3739 163698 1
0.564416 0.00196248 2 2 3 2 2 2 10984 16.4349 163758 1
0.566378 0.00196248 2 2 3 2 2 2 10996 16.4957 163821 1
0.568341 0.00196248 2 2 3 2 2 2 10993 16.5565 163884 1
0.570303 0.00196248 2 2 3 2 2 2 11008 16.6215 163905 1
0.572266 0.00196248 2 2 3 2 2 2 11029 16.6823 163969 1
0.574228 0.00196248 2 2 3 2 2 2 11044 16.7432 164032 1
0.576191 0.00196248 2 2 3 2 2 2 11053 16.8041 164095 1
0.578153 0.00196248 2 2 3 2 2 2 11062 16.8647 164161 1
0.580116 0.00196248 2 2 3 2 2 2 11068 16.9253 164227 1
0.582078 0.00196248 2 2 3 2 2 2 11077 16.9859 164293 1
0.584041 0.00196248 2 2 3 2 2 2 11095 17.0467 164359 1
0.586003 0.00196248 2 2 3 2 2 2 11110 17.1074 164425 1
0.587966 0.00196248 2 2 3 2 2 2 11122 17.1682 164491 1
0.589928 0.00196248 2 2 3 2 2 2 11122 17.2332 164515 1
0.591891 0.00196248 2 2 3 2 2 2 11128 17.2941 164580 1
0.593853 0.00196248 2 2 3 2 2 2 11149 17.355 164645 1
0.595816 0.00196248 2 2 3 2 2 2 11146 17.4159 164708 1
0.597778 0.00196248 2 2 3 2 2 2 11149 17.4769 164772 1
0.599741 0.00196248 2 2 3 2 2 2 11155 17.5378 164836 1
0.601703 0.00196248 2 2 3 2 2 2 11179 17.5988 164900 1
0.603666 0.00196248 2 2 3 2 2 2 11209 17.6598 164964 1
0.605628 0.00196248 2 2 3 2 2 2 11212 17.7211 165027 1
0.60759 0.00196248 2 2 3 2 2 2 11224 17.7823 165089 1
0.609553 0.00196248 2 2 3 2 2 2 11245 17.8485 165108 1
0.611515 0.00196248 2 2 3 2 2 2 11260 17.9103 165167 1
0.613478 0.00196248 2 2 3 2 2 2 11275 17.9722 165225 1
0.61544 0.00196248 2 2 3 2 2 2 11287 18.0342 165283 1
0.617403 0.00196248 2 2 3 2 2 2 11299 18.0962 165341 1
0.619365 0.00196248 2 2 3 2 2 2 11311 18.1585 165397 1
0.621328 0.00196248 2 2 3 2 2 2 11311 18.2208 165452 1
0.62329 0.00196248 2 2 3 2 2 2 11326 18.2831 165507 1
0.625253 0.00196248 2 2 3 2 2 2 11329 18.3455 165562 1
0.627215 0.00196248 2 2 3 2 2 2 11323 18.4078 165617 1
0.629178 0.00196248 2 2 3 2 2 2 11317 18.4746 165631 1
0.63114 0.00196248 2 2 3 2 2 2 11329 18.537 165684 1
0.633103 0.00196248 2 2 3 2 2 2 11359 18.5994 165739 1
0.63508 0.00197702 2 2 3 2 2 2 11377 18.662 165793 1
0.637057 0.00197702 2 2 3 2 2 2 11395 18.7246 165847 1
0.639034 0.00197702 2 2 3 2 2 2 11395 18.7872 165901 1
0.641011 0.00197702 2 2 3 2 2 2 11407 18.8499 165955 1
0.642988 0.00197702 2 2 3 2 2 2 11425 18.9125 166009 1
0.644965 0.00197702 2 2 3 2 2 2 11452 18.9752 166064 1
0.646942 0.00197702 2 2 3 2 2 2 11464 19.0382 166117 1
0.648919 0.00197702 2 2 3 2 2 2 11485 19.1056 166132 1
0.650896 0.00197702 2 2 3 2 2 2 11491 19.1685 166186 1
0.652873 0.00197702 2 2 3 2 2 2 11500 19.2315 166240 1
0.65485 0.00197702 2 2 3 2 2 2 11518 19.294 166298 1
0.656827 0.00197702 2 2 3 2 2 2 11533 19.3567 166356 1
0.658804 0.00197702 2 2 3 2 2 2 11536 19.4193 166413 1
0.660781 0.00197702 2 2 3 2 2 2 11530 19.4818 166471 1
0.662758 0.00197702 2 2 3 2 2 2 11533 19.5444 166528 1
0.664735 0.00197702 2 2 3 2 2 2 11533 19.607 166584 1
0.666712 0.00197702 2 2 3 2 2 2 11542 19.6696 166641 1
0.668689 0.00197702 2 2 3 2 2 2 11548 19.7366 166660 1
0.670666 0.00197702 2 2 3 2 2 2 11557 19.7992 166717 1
0.672643 0.00197702 2 2 3 2 2 2 11575 19.8619 166774 1
0.67462 0.00197702 2 2 3 2 2 2 11581 19.9246 166830 1
0.676597 0.00197702 2 2 3 2 2 2 11584 19.9873 166887 1
0.678574 0.00197702 2 2 3 2 2 2 11584 20.05 166942 1
0.680551 0.00197702 2 2 3 2 2 2 11593 20.1127 166998 1
0.682528 0.00197702 2 2 3 2 2 2 11614 20.1755 167054 1
0.684505 0.00197702 2 2 3 2 2 2 11644 20.2386 167109 1
0.686482 0.00197702 2 2 3 2 2 2 11662 20.302 167161 1
0.688459 0.00197702 2 2 3 2 2 2 11665 20.37 167176 1
0.690436 0.00197702 2 2 3 2 2 2 11674 20.4335 167228 1
0.692413 0.00197702 2 2 3 2 2 2 11668 20.4967 167281 1
0.69439 0.00197702 2 2 3 2 2 2 11668 20.5598 167336 1
0.696367 0.00197702 2 2 3 2 2 2 11665 20.6228 167390 1
0.698344 0.00197702 2 2 3 2 2 2 11671 20.6859 167444 1
0.700321 0.00197702 2 2 3 2 2 2 11674 20.7489 167497 1
0.702298 0.00197702 2 2 3 2 2 2 11680 20.812 167551 1
0.704275 0.00197702 2 2 3 2 2 2 11680 20.8752 167603 1
0.706252 0.00197702 2 2 3 2 2 2 11701 20.9383 167657 1
0.708229 0.00197702 2 2 3 2 2 2 11722 21.0066 167670 1
0.710206 0.00197702 2 2 3 2 2 2 11716 21.0705 167717 1
0.712183 0.00197702 2 2 3 2 2 2 11728 21.1344 167765 1
0.71416 0.00197702 2 2 3 2 2 2 11746 21.1982 167815 1
0.716137 0.00197702 2 2 3 2 2 2 11761 21.2616 167867 1
0.718114 0.00197702 2 2 3 2 2 2 11782 21.3251 167920 1
0.720091 0.00197702 2 2 3 2 2 2 11800 21.3884 167974 1
0.722068 0.00197702 2 2 3 2 2 2 11818 21.452 168028 1
0.724045 0.00197702 2 2 3 2 2 2 11818 21.5156 168080 1
0.726023 0.00197702 2 2 3 2 2 2 11812 21.5791 168133 1
0.728 0.00197702 2 2 3 2 2 2 11836 21.6472 168151 1
0.729977 0.00197702 2 2 3 2 2 2 11842 21.7108 168204 1
0.731954 0.00197702 2 2 3 2 2 2 11851 21.7745 168256 1
0.733931 0.00197702 2 2 3 2 2 2 11854 21.8382 168308 1
0.735908 0.00197702 2 2 3 2 2 2 11863 21.9019 168360 1
0.737885 0.00197702 2 2 3 2 2 2 11881 21.9657 168412 1
0.739862 0.00197702 2 2 3 2 2 2 11890 22.0299 168460 1
0.741839 0.00197702 2 2 3 2 2 2 11914 22.0938 168513 1
0.743816 0.00197702 2 2 3 2 2 2 11938 22.1576 168566 1
0.745793 0.00197702 2 2 3 2 2 2 11947 22.2217 168618 1
0.74777 0.00197702 2 2 3 2 2 2 11938 22.2911 168628 1
0.749747 0.00197702 2 2 3 2 2 2 11959 22.3557 168676 1
0.751724 0.00197702 2 2 3 2 2 2 11965 22.4204 168723 1
0.753701 0.00197702 2 2 3 2 2 2 11971 22.485 168771 1
0.755678 0.00197702 2 2 3 2 2 2 11986 22.5497 168818 1
0.757655 0.00197702 2 2 3 2 2 2 11998 22.6143 168866 1
0.759632 0.00197702 2 2 3 2 2 2 12004 22.6786 168916 1
0.761609 0.00197702 2 2 3 2 2 2 12013 22.7429 168967 1
0.763586 0.00197702 2 2 3 2 2 2 12019 22.8072 169018 1
0.765563 0.00197702 2 2 3 2 2 2 12034 22.8715 169069 1
0.76754 0.00197702 2 2 3 2 2 2 12052 22.9404 169086 1
0.769517 0.00197702 2 2 3 2 2 2 12061 23.0048 169137 1
0.771494 0.00197702 2 2 3 2 2 2 12070 23.0694 169187 1
0.773471 0.00197702 2 2 3 2 2 2 12076 23.1339 169237 1
0.775448 0.00197702 2 2 3 2 2 2 12082 23.1986 169286 1
0.777425 0.00197702 2 2 3 2 2 2 12100 23.2632 169336 1
0.779402 0.00197702 2 2 3 2 2 2 12118 23.3278 169387 1
0.781379 0.00197702 2 2 3 2 2 2 12133 23.3925 169437 1
0.783356 0.00197702 2 2 3 2 2 2 12139 23.4572 169487 1
0.785333 0.00197702 2 2 3 2 2 2 12154 23.522 169537 1
0.78731 0.00197702 2 2 3 2 2 2 12157 23.5919 169550 1
0.789287 0.00197702 2 2 3 2 2 2 12175 23.6573 169596 1
0.791264 0.00197702 2 2 3 2 2 2 12184 23.7227 169642 1
0.793241 0.00197702 2 2 3 2 2 2 12190 23.7881 169688 1
0.795218 0.00197702 2 2 3 2 2 2 12220 23.8536 169734 1
0.797195 0.00197702 2 2 3 2 2 2 12229 23.9191 169780 1
0.799172 0.00197702 2 2 3 2 2 2 12232 23.9847 169826 1
0.801149 0.00197702 2 2 3 2 2 2 12247 24.0502 169873 1
0.803126 0.00197702 2 2 3 2 2 2 12250 24.1159 169918 1
0.805103 0.00197702 2 2 3 2 2 2 12265 24.1816 169964 1
0.80708 0.00197702 2 2 3 2 2 2 12280 24.2519 169977 1
0.809057 0.00197702 2 2 3 2 2 2 12286 24.3177 170023 1
0.811034 0.00197702 2 2 3 2 2 2 12298 24.3836 170068 1
0.813011 0.00197702 2 2 3 2 2 2 12298 24.449 170116 1
0.814988 0.00197702 2 2 3 2 2 2 12304 24.5143 170164 1
0.816965 0.00197702 2 2 3 2 2 2 12316 24.5797 170213 1
0.818942 0.00197702 2 2 3 2 2 2 12340 24.6452 170261 1
0.820919 0.00197702 2 2 3 2 2 2 12331 24.7107 170309 1
0.822896 0.00197702 2 2 3 2 2 2 12337 24.7762 170357 1
0.824873 0.00197702 2 2 3 2 2 2 12343 24.8417 170404 1
0.82685 0.00197702 2 2 3 2 2 2 12364 24.9125 170416 1
0.828827 0.00197702 2 2 3 2 2 2 12370 24.9786 170460 1
0.830804 0.00197702 2 2 3 2 2 2 12394 25.0447 170505 1
0.832781 0.00197702 2 2 3 2 2 2 12403 25.1104 170553 1
0.834758 0.00197702 2 2 3 2 2 2 12400 25.1763 170599 1
0.836735 0.00197702 2 2 3 2 2 2 12400 25.2421 170646 1
0.838712 0.00197702 2 2 3 2 2 2 12421 25.3079 170693 1
0.840689 0.00197702 2 2 3 2 2 2 12451 25.3738 170740 1
0.842667 0.00197702 2 2 3 2 2 2 12463 25.4396 170788 1
0.844644 0.00197702 2 2 3 2 2 2 12472 25.5056 170836 1
0.846621 0.00197702 2 2 3 2 2 2 12475 25.5768 170848 1
0.848598 0.00197702 2 2 3 2 2 2 12487 25.6433 170892 1
0.850575 0.00197702 2 2 3 2 2 2 12499 25.7098 170936 1
0.852552 0.00197702 2 2 3 2 2 2 12502 25.7762 170980 1
0.854529 0.00197702 2 2 3 2 2 2 12514 25.8423 171027 1
0.856506 0.00197702 2 2 3 2 2 2 12529 25.9085 171074 1
0.858483 0.00197702 2 2 3 2 2 2 12553 25.9748 171121 1
0.86046 0.00197702 2 2 3 2 2 2 12565 26.0411 171167 1
0.862437 0.00197702 2 2 3 2 2 2 12592 26.1075 171214 1
0.864414 0.00197702 2 2 3 2 2 2 12613 26.174 171262 1
0.866391 0.00197702 2 2 3 2 2 2 12601 26.2457 171273 1
0.868368 0.00197702 2 2 3 2 2 2 12619 26.3126 171317 1
0.870345 0.00197702 2 2 3 2 2 2 12637 26.3797 171361 1
0.872322 0.00197702 2 2 3 2 2 2 12646 26.4467 171405 1
0.874299 0.00197702 2 2 3 2 2 2 12661 26.5139 171448 1
0.876276 0.00197702 2 2 3 2 2 2 12679 26.5811 171492 1
0.878253 0.00197702 2 2 3 2 2 2 12676 26.6486 171533 1
0.88023 0.00197702 2 2 3 2 2 2 12679 26.716 171575 1
0.882207 0.00197702 2 2 3 2 2 2 12682 26.7834 171616 1
0.884184 0.00197702 2 2 3 2 2 2 12691 26.8508 171658 1
0.886161 0.00197702 2 2 3 2 2 2 12712 26.9229 171671 1
0.888138 0.00197702 2 2 3 2 2 2 12733 26.9904 171713 1
0.890115 0.00197702 2 2 3 2 2 2 12760 27.058 171756 1
0.892092 0.00197702 2 2 3 2 2 2 12772 27.1256 171798 1
0.894069 0.00197702 2 2 3 2 2 2 12796 27.1928 171845 1
0.896046 0.00197702 2 2 3 2 2 2 12811 27.26 171891 1
0.898023 0.00197702 2 2 3 2 2 2 12817 27.3272 171937 1
0.9 0.00197702 2 2 3 2 2 2 12811 27.3946 171982 1
