-0.5 0
-0.49 -0.0382904
-0.48 -0.0722857
-0.47 -0.10331
-0.46 -0.13248
-0.45 -0.158763
-0.44 -0.184055
-0.43 -0.208473
-0.42 -0.231732
-0.41 -0.254377
-0.4 -0.276179
-0.39 -0.29603
-0.38 -0.314547
-0.37 -0.33058
-0.36 -0.343406
-0.35 -0.354185
-0.34 -0.360684
-0.33 -0.364132
-0.32 -0.365345
-0.31 -0.362045
-0.3 -0.356985
-0.29 -0.349931
-0.28 -0.340487
-0.27 -0.330268
-0.26 -0.319041
-0.25 -0.307328
-0.24 -0.295482
-0.23 -0.283652
-0.22 -0.272077
-0.21 -0.260687
-0.2 -0.249787
-0.19 -0.239173
-0.18 -0.228811
-0.17 -0.218887
-0.16 -0.209112
-0.15 -0.199536
-0.14 -0.190143
-0.13 -0.180817
-0.12 -0.171578
-0.11 -0.162375
-0.1 -0.153186
-0.09 -0.143999
-0.08 -0.134799
-0.07 -0.125587
-0.06 -0.11634
-0.05 -0.107073
-0.04 -0.0977831
-0.03 -0.0884531
-0.02 -0.0791032
-0.01 -0.0697237
3.08781e-16 -0.0603073
0.01 -0.0508697
0.02 -0.0413925
0.03 -0.0318786
0.04 -0.0223396
0.05 -0.012743
0.06 -0.00310774
0.07 0.00656168
0.08 0.0163127
0.09 0.026106
0.1 0.0359573
0.11 0.0459042
0.12 0.0559056
0.13 0.0660014
0.14 0.0762064
0.15 0.0864814
0.16 0.0969042
0.17 0.107446
0.18 0.118076
0.19 0.128925
0.2 0.139892
0.21 0.150992
0.22 0.162335
0.23 0.173799
0.24 0.185444
0.25 0.197295
0.26 0.209255
0.27 0.22139
0.28 0.233626
0.29 0.245917
0.3 0.258237
0.31 0.270485
0.32 0.28267
0.33 0.294509
0.34 0.306083
0.35 0.317287
0.36 0.327709
0.37 0.337643
0.38 0.346699
0.39 0.354786
0.4 0.362385
0.41 0.369393
0.42 0.377833
0.43 0.387597
0.44 0.408102
0.45 0.44153
0.46 0.489603
0.47 0.580398
0.48 0.693566
0.49 0.841007
