# 1:x 2:y 3:u.x
-9 0 1
-9 0.28125 1
-9 0.562499 1
-9 0.843749 1
-9 1.125 1
-9 1.40625 1
-9 1.6875 1
-9 1.96875 1
-9 2.25 1
-9 2.53125 1
-9 2.8125 1
-9 3.09375 1
-9 3.375 1
-9 3.65625 1
-9 3.9375 1
-9 4.21875 1
-9 4.5 1
-9 4.78125 1
-9 5.06249 1
-9 5.34374 1
-9 5.62499 1
-9 5.90624 1
-9 6.18749 1
-9 6.46874 1
-9 6.74999 1
-9 7.03124 1
-9 7.31249 1
-9 7.59374 1
-9 7.87499 1
-9 8.15624 1
-9 8.43749 1
-9 8.71874 1
-9 8.99999 1
-9 9.28124 1
-9 9.56249 1
-9 9.84374 1
-9 10.125 1
-9 10.4062 1
-9 10.6875 1
-9 10.9687 1
-9 11.25 1
-9 11.5312 1
-9 11.8125 1
-9 12.0937 1
-9 12.375 1
-9 12.6562 1
-9 12.9375 1
-9 13.2187 1
-9 13.5 1
-9 13.7812 1
-9 14.0625 1
-9 14.3437 1
-9 14.625 1
-9 14.9062 1
-9 15.1875 1
-9 15.4687 1
-9 15.75 1
-9 16.0312 1
-9 16.3125 1
-9 16.5937 1
-9 16.875 1
-9 17.1562 1
-9 17.4375 1
-9 17.7187 1
-9 18 1

-8.71875 0 1
-8.71875 0.28125 1
-8.71875 0.562499 1
-8.71875 0.843749 1
-8.71875 1.125 1
-8.71875 1.40625 1
-8.71875 1.6875 1
-8.71875 1.96875 1
-8.71875 2.25 1
-8.71875 2.53125 1
-8.71875 2.8125 1
-8.71875 3.09375 1
-8.71875 3.375 1
-8.71875 3.65625 1
-8.71875 3.9375 1
-8.71875 4.21875 1
-8.71875 4.5 1
-8.71875 4.78125 1
-8.71875 5.06249 1
-8.71875 5.34374 1
-8.71875 5.62499 1
-8.71875 5.90624 1
-8.71875 6.18749 1
-8.71875 6.46874 1
-8.71875 6.74999 1
-8.71875 7.03124 1
-8.71875 7.31249 1
-8.71875 7.59374 1
-8.71875 7.87499 1
-8.71875 8.15624 1
-8.71875 8.43749 1
-8.71875 8.71874 1
-8.71875 8.99999 1
-8.71875 9.28124 1
-8.71875 9.56249 1
-8.71875 9.84374 1
-8.71875 10.125 1
-8.71875 10.4062 1
-8.71875 10.6875 1
-8.71875 10.9687 1
-8.71875 11.25 1
-8.71875 11.5312 1
-8.71875 11.8125 1
-8.71875 12.0937 1
-8.71875 12.375 1
-8.71875 12.6562 1
-8.71875 12.9375 1
-8.71875 13.2187 1
-8.71875 13.5 1
-8.71875 13.7812 1
-8.71875 14.0625 1
-8.71875 14.3437 1
-8.71875 14.625 1
-8.71875 14.9062 1
-8.71875 15.1875 1
-8.71875 15.4687 1
-8.71875 15.75 1
-8.71875 16.0312 1
-8.71875 16.3125 1
-8.71875 16.5937 1
-8.71875 16.875 1
-8.71875 17.1562 1
-8.71875 17.4375 1
-8.71875 17.7187 1
-8.71875 18 1

-8.4375 0 1
-8.4375 0.28125 1
-8.4375 0.562499 1
-8.4375 0.843749 1
-8.4375 1.125 1
-8.4375 1.40625 1
-8.4375 1.6875 1
-8.4375 1.96875 1
-8.4375 2.25 1
-8.4375 2.53125 1
-8.4375 2.8125 1
-8.4375 3.09375 1
-8.4375 3.375 1
-8.4375 3.65625 1
-8.4375 3.9375 1
-8.4375 4.21875 1
-8.4375 4.5 1
-8.4375 4.78125 1
-8.4375 5.06249 1
-8.4375 5.34374 1
-8.4375 5.62499 1
-8.4375 5.90624 1
-8.4375 6.18749 1
-8.4375 6.46874 1
-8.4375 6.74999 1
-8.4375 7.03124 1
-8.4375 7.31249 1
-8.4375 7.59374 1
-8.4375 7.87499 1
-8.4375 8.15624 1
-8.4375 8.43749 1
-8.4375 8.71874 1
-8.4375 8.99999 1
-8.4375 9.28124 1
-8.4375 9.56249 1
-8.4375 9.84374 1
-8.4375 10.125 1
-8.4375 10.4062 1
-8.4375 10.6875 1
-8.4375 10.9687 1
-8.4375 11.25 1
-8.4375 11.5312 1
-8.4375 11.8125 1
-8.4375 12.0937 1
-8.4375 12.375 1
-8.4375 12.6562 1
-8.4375 12.9375 1
-8.4375 13.2187 1
-8.4375 13.5 1
-8.4375 13.7812 1
-8.4375 14.0625 1
-8.4375 14.3437 1
-8.4375 14.625 1
-8.4375 14.9062 1
-8.4375 15.1875 1
-8.4375 15.4687 1
-8.4375 15.75 1
-8.4375 16.0312 1
-8.4375 16.3125 1
-8.4375 16.5937 1
-8.4375 16.875 1
-8.4375 17.1562 1
-8.4375 17.4375 1
-8.4375 17.7187 1
-8.4375 18 1

-8.15625 0 1
-8.15625 0.28125 1
-8.15625 0.562499 1
-8.15625 0.843749 1
-8.15625 1.125 1
-8.15625 1.40625 1
-8.15625 1.6875 1
-8.15625 1.96875 1
-8.15625 2.25 1
-8.15625 2.53125 1
-8.15625 2.8125 1
-8.15625 3.09375 1
-8.15625 3.375 1
-8.15625 3.65625 1
-8.15625 3.9375 1
-8.15625 4.21875 1
-8.15625 4.5 1
-8.15625 4.78125 1
-8.15625 5.06249 1
-8.15625 5.34374 1
-8.15625 5.62499 1
-8.15625 5.90624 1
-8.15625 6.18749 1
-8.15625 6.46874 1
-8.15625 6.74999 1
-8.15625 7.03124 1
-8.15625 7.31249 1
-8.15625 7.59374 1
-8.15625 7.87499 1
-8.15625 8.15624 1
-8.15625 8.43749 1
-8.15625 8.71874 1
-8.15625 8.99999 1
-8.15625 9.28124 1
-8.15625 9.56249 1
-8.15625 9.84374 1
-8.15625 10.125 1
-8.15625 10.4062 1
-8.15625 10.6875 1
-8.15625 10.9687 1
-8.15625 11.25 1
-8.15625 11.5312 1
-8.15625 11.8125 1
-8.15625 12.0937 1
-8.15625 12.375 1
-8.15625 12.6562 1
-8.15625 12.9375 1
-8.15625 13.2187 1
-8.15625 13.5 1
-8.15625 13.7812 1
-8.15625 14.0625 1
-8.15625 14.3437 1
-8.15625 14.625 1
-8.15625 14.9062 1
-8.15625 15.1875 1
-8.15625 15.4687 1
-8.15625 15.75 1
-8.15625 16.0312 1
-8.15625 16.3125 1
-8.15625 16.5937 1
-8.15625 16.875 1
-8.15625 17.1562 1
-8.15625 17.4375 1
-8.15625 17.7187 1
-8.15625 18 1

-7.875 0 1
-7.875 0.28125 1
-7.875 0.562499 1
-7.875 0.843749 1
-7.875 1.125 1
-7.875 1.40625 1
-7.875 1.6875 1
-7.875 1.96875 1
-7.875 2.25 1
-7.875 2.53125 1
-7.875 2.8125 1
-7.875 3.09375 1
-7.875 3.375 1
-7.875 3.65625 1
-7.875 3.9375 1
-7.875 4.21875 1
-7.875 4.5 1
-7.875 4.78125 1
-7.875 5.06249 1
-7.875 5.34374 1
-7.875 5.62499 1
-7.875 5.90624 1
-7.875 6.18749 1
-7.875 6.46874 1
-7.875 6.74999 1
-7.875 7.03124 1
-7.875 7.31249 1
-7.875 7.59374 1
-7.875 7.87499 1
-7.875 8.15624 1
-7.875 8.43749 1
-7.875 8.71874 1
-7.875 8.99999 1
-7.875 9.28124 1
-7.875 9.56249 1
-7.875 9.84374 1
-7.875 10.125 1
-7.875 10.4062 1
-7.875 10.6875 1
-7.875 10.9687 1
-7.875 11.25 1
-7.875 11.5312 1
-7.875 11.8125 1
-7.875 12.0937 1
-7.875 12.375 1
-7.875 12.6562 1
-7.875 12.9375 1
-7.875 13.2187 1
-7.875 13.5 1
-7.875 13.7812 1
-7.875 14.0625 1
-7.875 14.3437 1
-7.875 14.625 1
-7.875 14.9062 1
-7.875 15.1875 1
-7.875 15.4687 1
-7.875 15.75 1
-7.875 16.0312 1
-7.875 16.3125 1
-7.875 16.5937 1
-7.875 16.875 1
-7.875 17.1562 1
-7.875 17.4375 1
-7.875 17.7187 1
-7.875 18 1

-7.59375 0 1
-7.59375 0.28125 1
-7.59375 0.562499 1
-7.59375 0.843749 1
-7.59375 1.125 1
-7.59375 1.40625 1
-7.59375 1.6875 1
-7.59375 1.96875 1
-7.59375 2.25 1
-7.59375 2.53125 1
-7.59375 2.8125 1
-7.59375 3.09375 1
-7.59375 3.375 1
-7.59375 3.65625 1
-7.59375 3.9375 1
-7.59375 4.21875 1
-7.59375 4.5 1
-7.59375 4.78125 1
-7.59375 5.06249 1
-7.59375 5.34374 1
-7.59375 5.62499 1
-7.59375 5.90624 1
-7.59375 6.18749 1
-7.59375 6.46874 1
-7.59375 6.74999 1
-7.59375 7.03124 1
-7.59375 7.31249 1
-7.59375 7.59374 1
-7.59375 7.87499 1
-7.59375 8.15624 1
-7.59375 8.43749 1
-7.59375 8.71874 1
-7.59375 8.99999 1
-7.59375 9.28124 1
-7.59375 9.56249 1
-7.59375 9.84374 1
-7.59375 10.125 1
-7.59375 10.4062 1
-7.59375 10.6875 1
-7.59375 10.9687 1
-7.59375 11.25 1
-7.59375 11.5312 1
-7.59375 11.8125 1
-7.59375 12.0937 1
-7.59375 12.375 1
-7.59375 12.6562 1
-7.59375 12.9375 1
-7.59375 13.2187 1
-7.59375 13.5 1
-7.59375 13.7812 1
-7.59375 14.0625 1
-7.59375 14.3437 1
-7.59375 14.625 1
-7.59375 14.9062 1
-7.59375 15.1875 1
-7.59375 15.4687 1
-7.59375 15.75 1
-7.59375 16.0312 1
-7.59375 16.3125 1
-7.59375 16.5937 1
-7.59375 16.875 1
-7.59375 17.1562 1
-7.59375 17.4375 1
-7.59375 17.7187 1
-7.59375 18 1

-7.3125 0 1
-7.3125 0.28125 1
-7.3125 0.562499 1
-7.3125 0.843749 1
-7.3125 1.125 1
-7.3125 1.40625 1
-7.3125 1.6875 1
-7.3125 1.96875 1
-7.3125 2.25 1
-7.3125 2.53125 1
-7.3125 2.8125 1
-7.3125 3.09375 1
-7.3125 3.375 1
-7.3125 3.65625 1
-7.3125 3.9375 1
-7.3125 4.21875 1
-7.3125 4.5 1
-7.3125 4.78125 1
-7.3125 5.06249 1
-7.3125 5.34374 1
-7.3125 5.62499 1
-7.3125 5.90624 1
-7.3125 6.18749 1
-7.3125 6.46874 1
-7.3125 6.74999 1
-7.3125 7.03124 1
-7.3125 7.31249 1
-7.3125 7.59374 1
-7.3125 7.87499 1
-7.3125 8.15624 1
-7.3125 8.43749 1
-7.3125 8.71874 1
-7.3125 8.99999 1
-7.3125 9.28124 1
-7.3125 9.56249 1
-7.3125 9.84374 1
-7.3125 10.125 1
-7.3125 10.4062 1
-7.3125 10.6875 1
-7.3125 10.9687 1
-7.3125 11.25 1
-7.3125 11.5312 1
-7.3125 11.8125 1
-7.3125 12.0937 1
-7.3125 12.375 1
-7.3125 12.6562 1
-7.3125 12.9375 1
-7.3125 13.2187 1
-7.3125 13.5 1
-7.3125 13.7812 1
-7.3125 14.0625 1
-7.3125 14.3437 1
-7.3125 14.625 1
-7.3125 14.9062 1
-7.3125 15.1875 1
-7.3125 15.4687 1
-7.3125 15.75 1
-7.3125 16.0312 1
-7.3125 16.3125 1
-7.3125 16.5937 1
-7.3125 16.875 1
-7.3125 17.1562 1
-7.3125 17.4375 1
-7.3125 17.7187 1
-7.3125 18 1

-7.03125 0 1
-7.03125 0.28125 1
-7.03125 0.562499 1
-7.03125 0.843749 1
-7.03125 1.125 1
-7.03125 1.40625 1
-7.03125 1.6875 1
-7.03125 1.96875 1
-7.03125 2.25 1
-7.03125 2.53125 1
-7.03125 2.8125 1
-7.03125 3.09375 1
-7.03125 3.375 1
-7.03125 3.65625 1
-7.03125 3.9375 1
-7.03125 4.21875 1
-7.03125 4.5 1
-7.03125 4.78125 1
-7.03125 5.06249 1
-7.03125 5.34374 1
-7.03125 5.62499 1
-7.03125 5.90624 1
-7.03125 6.18749 1
-7.03125 6.46874 1
-7.03125 6.74999 1
-7.03125 7.03124 1
-7.03125 7.31249 1
-7.03125 7.59374 1
-7.03125 7.87499 1
-7.03125 8.15624 1
-7.03125 8.43749 1
-7.03125 8.71874 1
-7.03125 8.99999 1
-7.03125 9.28124 1
-7.03125 9.56249 1
-7.03125 9.84374 1
-7.03125 10.125 1
-7.03125 10.4062 1
-7.03125 10.6875 1
-7.03125 10.9687 1
-7.03125 11.25 1
-7.03125 11.5312 1
-7.03125 11.8125 1
-7.03125 12.0937 1
-7.03125 12.375 1
-7.03125 12.6562 1
-7.03125 12.9375 1
-7.03125 13.2187 1
-7.03125 13.5 1
-7.03125 13.7812 1
-7.03125 14.0625 1
-7.03125 14.3437 1
-7.03125 14.625 1
-7.03125 14.9062 1
-7.03125 15.1875 1
-7.03125 15.4687 1
-7.03125 15.75 1
-7.03125 16.0312 1
-7.03125 16.3125 1
-7.03125 16.5937 1
-7.03125 16.875 1
-7.03125 17.1562 1
-7.03125 17.4375 1
-7.03125 17.7187 1
-7.03125 18 1

-6.75 0 1
-6.75 0.28125 1
-6.75 0.562499 1
-6.75 0.843749 1
-6.75 1.125 1
-6.75 1.40625 1
-6.75 1.6875 1
-6.75 1.96875 1
-6.75 2.25 1
-6.75 2.53125 1
-6.75 2.8125 1
-6.75 3.09375 1
-6.75 3.375 1
-6.75 3.65625 1
-6.75 3.9375 1
-6.75 4.21875 1
-6.75 4.5 1
-6.75 4.78125 1
-6.75 5.06249 1
-6.75 5.34374 1
-6.75 5.62499 1
-6.75 5.90624 1
-6.75 6.18749 1
-6.75 6.46874 1
-6.75 6.74999 1
-6.75 7.03124 1
-6.75 7.31249 1
-6.75 7.59374 1
-6.75 7.87499 1
-6.75 8.15624 1
-6.75 8.43749 1
-6.75 8.71874 1
-6.75 8.99999 1
-6.75 9.28124 1
-6.75 9.56249 1
-6.75 9.84374 1
-6.75 10.125 1
-6.75 10.4062 1
-6.75 10.6875 1
-6.75 10.9687 1
-6.75 11.25 1
-6.75 11.5312 1
-6.75 11.8125 1
-6.75 12.0937 1
-6.75 12.375 1
-6.75 12.6562 1
-6.75 12.9375 1
-6.75 13.2187 1
-6.75 13.5 1
-6.75 13.7812 1
-6.75 14.0625 1
-6.75 14.3437 1
-6.75 14.625 1
-6.75 14.9062 1
-6.75 15.1875 1
-6.75 15.4687 1
-6.75 15.75 1
-6.75 16.0312 1
-6.75 16.3125 1
-6.75 16.5937 1
-6.75 16.875 1
-6.75 17.1562 1
-6.75 17.4375 1
-6.75 17.7187 1
-6.75 18 1

-6.46875 0 1
-6.46875 0.28125 1
-6.46875 0.562499 1
-6.46875 0.843749 1
-6.46875 1.125 1
-6.46875 1.40625 1
-6.46875 1.6875 1
-6.46875 1.96875 1
-6.46875 2.25 1
-6.46875 2.53125 1
-6.46875 2.8125 1
-6.46875 3.09375 1
-6.46875 3.375 1
-6.46875 3.65625 1
-6.46875 3.9375 1
-6.46875 4.21875 1
-6.46875 4.5 1
-6.46875 4.78125 1
-6.46875 5.06249 1
-6.46875 5.34374 1
-6.46875 5.62499 1
-6.46875 5.90624 1
-6.46875 6.18749 1
-6.46875 6.46874 1
-6.46875 6.74999 1
-6.46875 7.03124 1
-6.46875 7.31249 1
-6.46875 7.59374 1
-6.46875 7.87499 1
-6.46875 8.15624 1
-6.46875 8.43749 1
-6.46875 8.71874 1
-6.46875 8.99999 1
-6.46875 9.28124 1
-6.46875 9.56249 1
-6.46875 9.84374 1
-6.46875 10.125 1
-6.46875 10.4062 1
-6.46875 10.6875 1
-6.46875 10.9687 1
-6.46875 11.25 1
-6.46875 11.5312 1
-6.46875 11.8125 1
-6.46875 12.0937 1
-6.46875 12.375 1
-6.46875 12.6562 1
-6.46875 12.9375 1
-6.46875 13.2187 1
-6.46875 13.5 1
-6.46875 13.7812 1
-6.46875 14.0625 1
-6.46875 14.3437 1
-6.46875 14.625 1
-6.46875 14.9062 1
-6.46875 15.1875 1
-6.46875 15.4687 1
-6.46875 15.75 1
-6.46875 16.0312 1
-6.46875 16.3125 1
-6.46875 16.5937 1
-6.46875 16.875 1
-6.46875 17.1562 1
-6.46875 17.4375 1
-6.46875 17.7187 1
-6.46875 18 1

-6.1875 0 1
-6.1875 0.28125 1
-6.1875 0.562499 1
-6.1875 0.843749 1
-6.1875 1.125 1
-6.1875 1.40625 1
-6.1875 1.6875 1
-6.1875 1.96875 1
-6.1875 2.25 1
-6.1875 2.53125 1
-6.1875 2.8125 1
-6.1875 3.09375 1
-6.1875 3.375 1
-6.1875 3.65625 1
-6.1875 3.9375 1
-6.1875 4.21875 1
-6.1875 4.5 1
-6.1875 4.78125 1
-6.1875 5.06249 1
-6.1875 5.34374 1
-6.1875 5.62499 1
-6.1875 5.90624 1
-6.1875 6.18749 1
-6.1875 6.46874 1
-6.1875 6.74999 1
-6.1875 7.03124 1
-6.1875 7.31249 1
-6.1875 7.59374 1
-6.1875 7.87499 1
-6.1875 8.15624 1
-6.1875 8.43749 1
-6.1875 8.71874 1
-6.1875 8.99999 1
-6.1875 9.28124 1
-6.1875 9.56249 1
-6.1875 9.84374 1
-6.1875 10.125 1
-6.1875 10.4062 1
-6.1875 10.6875 1
-6.1875 10.9687 1
-6.1875 11.25 1
-6.1875 11.5312 1
-6.1875 11.8125 1
-6.1875 12.0937 1
-6.1875 12.375 1
-6.1875 12.6562 1
-6.1875 12.9375 1
-6.1875 13.2187 1
-6.1875 13.5 1
-6.1875 13.7812 1
-6.1875 14.0625 1
-6.1875 14.3437 1
-6.1875 14.625 1
-6.1875 14.9062 1
-6.1875 15.1875 1
-6.1875 15.4687 1
-6.1875 15.75 1
-6.1875 16.0312 1
-6.1875 16.3125 1
-6.1875 16.5937 1
-6.1875 16.875 1
-6.1875 17.1562 1
-6.1875 17.4375 1
-6.1875 17.7187 1
-6.1875 18 1

-5.90625 0 1
-5.90625 0.28125 1
-5.90625 0.562499 1
-5.90625 0.843749 1
-5.90625 1.125 1
-5.90625 1.40625 1
-5.90625 1.6875 1
-5.90625 1.96875 1
-5.90625 2.25 1
-5.90625 2.53125 1
-5.90625 2.8125 1
-5.90625 3.09375 1
-5.90625 3.375 1
-5.90625 3.65625 1
-5.90625 3.9375 1
-5.90625 4.21875 1
-5.90625 4.5 1
-5.90625 4.78125 1
-5.90625 5.06249 1
-5.90625 5.34374 1
-5.90625 5.62499 1
-5.90625 5.90624 1
-5.90625 6.18749 1
-5.90625 6.46874 1
-5.90625 6.74999 1
-5.90625 7.03124 1
-5.90625 7.31249 1
-5.90625 7.59374 1
-5.90625 7.87499 1
-5.90625 8.15624 1
-5.90625 8.43749 1
-5.90625 8.71874 1
-5.90625 8.99999 1
-5.90625 9.28124 1
-5.90625 9.56249 1
-5.90625 9.84374 1
-5.90625 10.125 1
-5.90625 10.4062 1
-5.90625 10.6875 1
-5.90625 10.9687 1
-5.90625 11.25 1
-5.90625 11.5312 1
-5.90625 11.8125 1
-5.90625 12.0937 1
-5.90625 12.375 1
-5.90625 12.6562 1
-5.90625 12.9375 1
-5.90625 13.2187 1
-5.90625 13.5 1
-5.90625 13.7812 1
-5.90625 14.0625 1
-5.90625 14.3437 1
-5.90625 14.625 1
-5.90625 14.9062 1
-5.90625 15.1875 1
-5.90625 15.4687 1
-5.90625 15.75 1
-5.90625 16.0312 1
-5.90625 16.3125 1
-5.90625 16.5937 1
-5.90625 16.875 1
-5.90625 17.1562 1
-5.90625 17.4375 1
-5.90625 17.7187 1
-5.90625 18 1

-5.625 0 1
-5.625 0.28125 1
-5.625 0.562499 1
-5.625 0.843749 1
-5.625 1.125 1
-5.625 1.40625 1
-5.625 1.6875 1
-5.625 1.96875 1
-5.625 2.25 1
-5.625 2.53125 1
-5.625 2.8125 1
-5.625 3.09375 1
-5.625 3.375 1
-5.625 3.65625 1
-5.625 3.9375 1
-5.625 4.21875 1
-5.625 4.5 1
-5.625 4.78125 1
-5.625 5.06249 1
-5.625 5.34374 1
-5.625 5.62499 1
-5.625 5.90624 1
-5.625 6.18749 1
-5.625 6.46874 1
-5.625 6.74999 1
-5.625 7.03124 1
-5.625 7.31249 1
-5.625 7.59374 1
-5.625 7.87499 1
-5.625 8.15624 1
-5.625 8.43749 1
-5.625 8.71874 1
-5.625 8.99999 1
-5.625 9.28124 1
-5.625 9.56249 1
-5.625 9.84374 1
-5.625 10.125 1
-5.625 10.4062 1
-5.625 10.6875 1
-5.625 10.9687 1
-5.625 11.25 1
-5.625 11.5312 1
-5.625 11.8125 1
-5.625 12.0937 1
-5.625 12.375 1
-5.625 12.6562 1
-5.625 12.9375 1
-5.625 13.2187 1
-5.625 13.5 1
-5.625 13.7812 1
-5.625 14.0625 1
-5.625 14.3437 1
-5.625 14.625 1
-5.625 14.9062 1
-5.625 15.1875 1
-5.625 15.4687 1
-5.625 15.75 1
-5.625 16.0312 1
-5.625 16.3125 1
-5.625 16.5937 1
-5.625 16.875 1
-5.625 17.1562 1
-5.625 17.4375 1
-5.625 17.7187 1
-5.625 18 1

-5.34375 0 1
-5.34375 0.28125 1
-5.34375 0.562499 1
-5.34375 0.843749 1
-5.34375 1.125 1
-5.34375 1.40625 1
-5.34375 1.6875 1
-5.34375 1.96875 1
-5.34375 2.25 1
-5.34375 2.53125 1
-5.34375 2.8125 1
-5.34375 3.09375 1
-5.34375 3.375 1
-5.34375 3.65625 1
-5.34375 3.9375 1
-5.34375 4.21875 1
-5.34375 4.5 1
-5.34375 4.78125 1
-5.34375 5.06249 1
-5.34375 5.34374 1
-5.34375 5.62499 1
-5.34375 5.90624 1
-5.34375 6.18749 1
-5.34375 6.46874 1
-5.34375 6.74999 1
-5.34375 7.03124 1
-5.34375 7.31249 1
-5.34375 7.59374 1
-5.34375 7.87499 1
-5.34375 8.15624 1
-5.34375 8.43749 1
-5.34375 8.71874 1
-5.34375 8.99999 1
-5.34375 9.28124 1
-5.34375 9.56249 1
-5.34375 9.84374 1
-5.34375 10.125 1
-5.34375 10.4062 1
-5.34375 10.6875 1
-5.34375 10.9687 1
-5.34375 11.25 1
-5.34375 11.5312 1
-5.34375 11.8125 1
-5.34375 12.0937 1
-5.34375 12.375 1
-5.34375 12.6562 1
-5.34375 12.9375 1
-5.34375 13.2187 1
-5.34375 13.5 1
-5.34375 13.7812 1
-5.34375 14.0625 1
-5.34375 14.3437 1
-5.34375 14.625 1
-5.34375 14.9062 1
-5.34375 15.1875 1
-5.34375 15.4687 1
-5.34375 15.75 1
-5.34375 16.0312 1
-5.34375 16.3125 1
-5.34375 16.5937 1
-5.34375 16.875 1
-5.34375 17.1562 1
-5.34375 17.4375 1
-5.34375 17.7187 1
-5.34375 18 1

-5.0625 0 1
-5.0625 0.28125 1
-5.0625 0.562499 1
-5.0625 0.843749 1
-5.0625 1.125 1
-5.0625 1.40625 1
-5.0625 1.6875 1
-5.0625 1.96875 1
-5.0625 2.25 1
-5.0625 2.53125 1
-5.0625 2.8125 1
-5.0625 3.09375 1
-5.0625 3.375 1
-5.0625 3.65625 1
-5.0625 3.9375 1
-5.0625 4.21875 1
-5.0625 4.5 1
-5.0625 4.78125 1
-5.0625 5.06249 1
-5.0625 5.34374 1
-5.0625 5.62499 1
-5.0625 5.90624 1
-5.0625 6.18749 1
-5.0625 6.46874 1
-5.0625 6.74999 1
-5.0625 7.03124 1
-5.0625 7.31249 1
-5.0625 7.59374 1
-5.0625 7.87499 1
-5.0625 8.15624 1
-5.0625 8.43749 1
-5.0625 8.71874 1
-5.0625 8.99999 1
-5.0625 9.28124 1
-5.0625 9.56249 1
-5.0625 9.84374 1
-5.0625 10.125 1
-5.0625 10.4062 1
-5.0625 10.6875 1
-5.0625 10.9687 1
-5.0625 11.25 1
-5.0625 11.5312 1
-5.0625 11.8125 1
-5.0625 12.0937 1
-5.0625 12.375 1
-5.0625 12.6562 1
-5.0625 12.9375 1
-5.0625 13.2187 1
-5.0625 13.5 1
-5.0625 13.7812 1
-5.0625 14.0625 1
-5.0625 14.3437 1
-5.0625 14.625 1
-5.0625 14.9062 1
-5.0625 15.1875 1
-5.0625 15.4687 1
-5.0625 15.75 1
-5.0625 16.0312 1
-5.0625 16.3125 1
-5.0625 16.5937 1
-5.0625 16.875 1
-5.0625 17.1562 1
-5.0625 17.4375 1
-5.0625 17.7187 1
-5.0625 18 1

-4.78125 0 1
-4.78125 0.28125 1
-4.78125 0.562499 1
-4.78125 0.843749 1
-4.78125 1.125 1
-4.78125 1.40625 1
-4.78125 1.6875 1
-4.78125 1.96875 1
-4.78125 2.25 1
-4.78125 2.53125 1
-4.78125 2.8125 1
-4.78125 3.09375 1
-4.78125 3.375 1
-4.78125 3.65625 1
-4.78125 3.9375 1
-4.78125 4.21875 1
-4.78125 4.5 1
-4.78125 4.78125 1
-4.78125 5.06249 1
-4.78125 5.34374 1
-4.78125 5.62499 1
-4.78125 5.90624 1
-4.78125 6.18749 1
-4.78125 6.46874 1
-4.78125 6.74999 1
-4.78125 7.03124 1
-4.78125 7.31249 1
-4.78125 7.59374 1
-4.78125 7.87499 1
-4.78125 8.15624 1
-4.78125 8.43749 1
-4.78125 8.71874 1
-4.78125 8.99999 1
-4.78125 9.28124 1
-4.78125 9.56249 1
-4.78125 9.84374 1
-4.78125 10.125 1
-4.78125 10.4062 1
-4.78125 10.6875 1
-4.78125 10.9687 1
-4.78125 11.25 1
-4.78125 11.5312 1
-4.78125 11.8125 1
-4.78125 12.0937 1
-4.78125 12.375 1
-4.78125 12.6562 1
-4.78125 12.9375 1
-4.78125 13.2187 1
-4.78125 13.5 1
-4.78125 13.7812 1
-4.78125 14.0625 1
-4.78125 14.3437 1
-4.78125 14.625 1
-4.78125 14.9062 1
-4.78125 15.1875 1
-4.78125 15.4687 1
-4.78125 15.75 1
-4.78125 16.0312 1
-4.78125 16.3125 1
-4.78125 16.5937 1
-4.78125 16.875 1
-4.78125 17.1562 1
-4.78125 17.4375 1
-4.78125 17.7187 1
-4.78125 18 1

-4.5 0 1
-4.5 0.28125 1
-4.5 0.562499 1
-4.5 0.843749 1
-4.5 1.125 1
-4.5 1.40625 1
-4.5 1.6875 1
-4.5 1.96875 1
-4.5 2.25 1
-4.5 2.53125 1
-4.5 2.8125 1
-4.5 3.09375 1
-4.5 3.375 1
-4.5 3.65625 1
-4.5 3.9375 1
-4.5 4.21875 1
-4.5 4.5 1
-4.5 4.78125 1
-4.5 5.06249 1
-4.5 5.34374 1
-4.5 5.62499 1
-4.5 5.90624 1
-4.5 6.18749 1
-4.5 6.46874 1
-4.5 6.74999 1
-4.5 7.03124 1
-4.5 7.31249 1
-4.5 7.59374 1
-4.5 7.87499 1
-4.5 8.15624 1
-4.5 8.43749 1
-4.5 8.71874 1
-4.5 8.99999 1
-4.5 9.28124 1
-4.5 9.56249 1
-4.5 9.84374 1
-4.5 10.125 1
-4.5 10.4062 1
-4.5 10.6875 1
-4.5 10.9687 1
-4.5 11.25 1
-4.5 11.5312 1
-4.5 11.8125 1
-4.5 12.0937 1
-4.5 12.375 1
-4.5 12.6562 1
-4.5 12.9375 1
-4.5 13.2187 1
-4.5 13.5 1
-4.5 13.7812 1
-4.5 14.0625 1
-4.5 14.3437 1
-4.5 14.625 1
-4.5 14.9062 1
-4.5 15.1875 1
-4.5 15.4687 1
-4.5 15.75 1
-4.5 16.0312 1
-4.5 16.3125 1
-4.5 16.5937 1
-4.5 16.875 1
-4.5 17.1562 1
-4.5 17.4375 1
-4.5 17.7187 1
-4.5 18 1

-4.21875 0 1
-4.21875 0.28125 1
-4.21875 0.562499 1
-4.21875 0.843749 1
-4.21875 1.125 1
-4.21875 1.40625 1
-4.21875 1.6875 1
-4.21875 1.96875 1
-4.21875 2.25 1
-4.21875 2.53125 1
-4.21875 2.8125 1
-4.21875 3.09375 1
-4.21875 3.375 1
-4.21875 3.65625 1
-4.21875 3.9375 1
-4.21875 4.21875 1
-4.21875 4.5 1
-4.21875 4.78125 1
-4.21875 5.06249 1
-4.21875 5.34374 1
-4.21875 5.62499 1
-4.21875 5.90624 1
-4.21875 6.18749 1
-4.21875 6.46874 1
-4.21875 6.74999 1
-4.21875 7.03124 1
-4.21875 7.31249 1
-4.21875 7.59374 1
-4.21875 7.87499 1
-4.21875 8.15624 1
-4.21875 8.43749 1
-4.21875 8.71874 1
-4.21875 8.99999 1
-4.21875 9.28124 1
-4.21875 9.56249 1
-4.21875 9.84374 1
-4.21875 10.125 1
-4.21875 10.4062 1
-4.21875 10.6875 1
-4.21875 10.9687 1
-4.21875 11.25 1
-4.21875 11.5312 1
-4.21875 11.8125 1
-4.21875 12.0937 1
-4.21875 12.375 1
-4.21875 12.6562 1
-4.21875 12.9375 1
-4.21875 13.2187 1
-4.21875 13.5 1
-4.21875 13.7812 1
-4.21875 14.0625 1
-4.21875 14.3437 1
-4.21875 14.625 1
-4.21875 14.9062 1
-4.21875 15.1875 1
-4.21875 15.4687 1
-4.21875 15.75 1
-4.21875 16.0312 1
-4.21875 16.3125 1
-4.21875 16.5937 1
-4.21875 16.875 1
-4.21875 17.1562 1
-4.21875 17.4375 1
-4.21875 17.7187 1
-4.21875 18 1

-3.93751 0 1
-3.93751 0.28125 1
-3.93751 0.562499 1
-3.93751 0.843749 1
-3.93751 1.125 1
-3.93751 1.40625 1
-3.93751 1.6875 1
-3.93751 1.96875 1
-3.93751 2.25 1
-3.93751 2.53125 1
-3.93751 2.8125 1
-3.93751 3.09375 1
-3.93751 3.375 1
-3.93751 3.65625 1
-3.93751 3.9375 1
-3.93751 4.21875 1
-3.93751 4.5 1
-3.93751 4.78125 1
-3.93751 5.06249 1
-3.93751 5.34374 1
-3.93751 5.62499 1
-3.93751 5.90624 1
-3.93751 6.18749 1
-3.93751 6.46874 1
-3.93751 6.74999 1
-3.93751 7.03124 1
-3.93751 7.31249 1
-3.93751 7.59374 1
-3.93751 7.87499 1
-3.93751 8.15624 1
-3.93751 8.43749 1
-3.93751 8.71874 1
-3.93751 8.99999 1
-3.93751 9.28124 1
-3.93751 9.56249 1
-3.93751 9.84374 1
-3.93751 10.125 1
-3.93751 10.4062 1
-3.93751 10.6875 1
-3.93751 10.9687 1
-3.93751 11.25 1
-3.93751 11.5312 1
-3.93751 11.8125 1
-3.93751 12.0937 1
-3.93751 12.375 1
-3.93751 12.6562 1
-3.93751 12.9375 1
-3.93751 13.2187 1
-3.93751 13.5 1
-3.93751 13.7812 1
-3.93751 14.0625 1
-3.93751 14.3437 1
-3.93751 14.625 1
-3.93751 14.9062 1
-3.93751 15.1875 1
-3.93751 15.4687 1
-3.93751 15.75 1
-3.93751 16.0312 1
-3.93751 16.3125 1
-3.93751 16.5937 1
-3.93751 16.875 1
-3.93751 17.1562 1
-3.93751 17.4375 1
-3.93751 17.7187 1
-3.93751 18 1

-3.65626 0 1
-3.65626 0.28125 1
-3.65626 0.562499 1
-3.65626 0.843749 1
-3.65626 1.125 1
-3.65626 1.40625 1
-3.65626 1.6875 1
-3.65626 1.96875 1
-3.65626 2.25 1
-3.65626 2.53125 1
-3.65626 2.8125 1
-3.65626 3.09375 1
-3.65626 3.375 1
-3.65626 3.65625 1
-3.65626 3.9375 1
-3.65626 4.21875 1
-3.65626 4.5 1
-3.65626 4.78125 1
-3.65626 5.06249 1
-3.65626 5.34374 1
-3.65626 5.62499 1
-3.65626 5.90624 1
-3.65626 6.18749 1
-3.65626 6.46874 1
-3.65626 6.74999 1
-3.65626 7.03124 1
-3.65626 7.31249 1
-3.65626 7.59374 1
-3.65626 7.87499 1
-3.65626 8.15624 1
-3.65626 8.43749 1
-3.65626 8.71874 1
-3.65626 8.99999 1
-3.65626 9.28124 1
-3.65626 9.56249 1
-3.65626 9.84374 1
-3.65626 10.125 1
-3.65626 10.4062 1
-3.65626 10.6875 1
-3.65626 10.9687 1
-3.65626 11.25 1
-3.65626 11.5312 1
-3.65626 11.8125 1
-3.65626 12.0937 1
-3.65626 12.375 1
-3.65626 12.6562 1
-3.65626 12.9375 1
-3.65626 13.2187 1
-3.65626 13.5 1
-3.65626 13.7812 1
-3.65626 14.0625 1
-3.65626 14.3437 1
-3.65626 14.625 1
-3.65626 14.9062 1
-3.65626 15.1875 1
-3.65626 15.4687 1
-3.65626 15.75 1
-3.65626 16.0312 1
-3.65626 16.3125 1
-3.65626 16.5937 1
-3.65626 16.875 1
-3.65626 17.1562 1
-3.65626 17.4375 1
-3.65626 17.7187 1
-3.65626 18 1

-3.37501 0 1
-3.37501 0.28125 1
-3.37501 0.562499 1
-3.37501 0.843749 1
-3.37501 1.125 1
-3.37501 1.40625 1
-3.37501 1.6875 1
-3.37501 1.96875 1
-3.37501 2.25 1
-3.37501 2.53125 1
-3.37501 2.8125 1
-3.37501 3.09375 1
-3.37501 3.375 1
-3.37501 3.65625 1
-3.37501 3.9375 1
-3.37501 4.21875 1
-3.37501 4.5 1
-3.37501 4.78125 1
-3.37501 5.06249 1
-3.37501 5.34374 1
-3.37501 5.62499 1
-3.37501 5.90624 1
-3.37501 6.18749 1
-3.37501 6.46874 1
-3.37501 6.74999 1
-3.37501 7.03124 1
-3.37501 7.31249 1
-3.37501 7.59374 1
-3.37501 7.87499 1
-3.37501 8.15624 1
-3.37501 8.43749 1
-3.37501 8.71874 1
-3.37501 8.99999 1
-3.37501 9.28124 1
-3.37501 9.56249 1
-3.37501 9.84374 1
-3.37501 10.125 1
-3.37501 10.4062 1
-3.37501 10.6875 1
-3.37501 10.9687 1
-3.37501 11.25 1
-3.37501 11.5312 1
-3.37501 11.8125 1
-3.37501 12.0937 1
-3.37501 12.375 1
-3.37501 12.6562 1
-3.37501 12.9375 1
-3.37501 13.2187 1
-3.37501 13.5 1
-3.37501 13.7812 1
-3.37501 14.0625 1
-3.37501 14.3437 1
-3.37501 14.625 1
-3.37501 14.9062 1
-3.37501 15.1875 1
-3.37501 15.4687 1
-3.37501 15.75 1
-3.37501 16.0312 1
-3.37501 16.3125 1
-3.37501 16.5937 1
-3.37501 16.875 1
-3.37501 17.1562 1
-3.37501 17.4375 1
-3.37501 17.7187 1
-3.37501 18 1

-3.09376 0 1
-3.09376 0.28125 1
-3.09376 0.562499 1
-3.09376 0.843749 1
-3.09376 1.125 1
-3.09376 1.40625 1
-3.09376 1.6875 1
-3.09376 1.96875 1
-3.09376 2.25 1
-3.09376 2.53125 1
-3.09376 2.8125 1
-3.09376 3.09375 1
-3.09376 3.375 1
-3.09376 3.65625 1
-3.09376 3.9375 1
-3.09376 4.21875 1
-3.09376 4.5 1
-3.09376 4.78125 1
-3.09376 5.06249 1
-3.09376 5.34374 1
-3.09376 5.62499 1
-3.09376 5.90624 1
-3.09376 6.18749 1
-3.09376 6.46874 1
-3.09376 6.74999 1
-3.09376 7.03124 1
-3.09376 7.31249 1
-3.09376 7.59374 1
-3.09376 7.87499 1
-3.09376 8.15624 1
-3.09376 8.43749 1
-3.09376 8.71874 1
-3.09376 8.99999 1
-3.09376 9.28124 1
-3.09376 9.56249 1
-3.09376 9.84374 1
-3.09376 10.125 1
-3.09376 10.4062 1
-3.09376 10.6875 1
-3.09376 10.9687 1
-3.09376 11.25 1
-3.09376 11.5312 1
-3.09376 11.8125 1
-3.09376 12.0937 1
-3.09376 12.375 1
-3.09376 12.6562 1
-3.09376 12.9375 1
-3.09376 13.2187 1
-3.09376 13.5 1
-3.09376 13.7812 1
-3.09376 14.0625 1
-3.09376 14.3437 1
-3.09376 14.625 1
-3.09376 14.9062 1
-3.09376 15.1875 1
-3.09376 15.4687 1
-3.09376 15.75 1
-3.09376 16.0312 1
-3.09376 16.3125 1
-3.09376 16.5937 1
-3.09376 16.875 1
-3.09376 17.1562 1
-3.09376 17.4375 1
-3.09376 17.7187 1
-3.09376 18 1

-2.81251 0 1
-2.81251 0.28125 1
-2.81251 0.562499 1
-2.81251 0.843749 1
-2.81251 1.125 1
-2.81251 1.40625 1
-2.81251 1.6875 1
-2.81251 1.96875 1
-2.81251 2.25 1
-2.81251 2.53125 1
-2.81251 2.8125 1
-2.81251 3.09375 1
-2.81251 3.375 1
-2.81251 3.65625 1
-2.81251 3.9375 1
-2.81251 4.21875 1
-2.81251 4.5 1
-2.81251 4.78125 1
-2.81251 5.06249 1
-2.81251 5.34374 1
-2.81251 5.62499 1
-2.81251 5.90624 1
-2.81251 6.18749 1
-2.81251 6.46874 1
-2.81251 6.74999 1
-2.81251 7.03124 1
-2.81251 7.31249 1
-2.81251 7.59374 1
-2.81251 7.87499 1
-2.81251 8.15624 1
-2.81251 8.43749 1
-2.81251 8.71874 1
-2.81251 8.99999 1
-2.81251 9.28124 1
-2.81251 9.56249 1
-2.81251 9.84374 1
-2.81251 10.125 1
-2.81251 10.4062 1
-2.81251 10.6875 1
-2.81251 10.9687 1
-2.81251 11.25 1
-2.81251 11.5312 1
-2.81251 11.8125 1
-2.81251 12.0937 1
-2.81251 12.375 1
-2.81251 12.6562 1
-2.81251 12.9375 1
-2.81251 13.2187 1
-2.81251 13.5 1
-2.81251 13.7812 1
-2.81251 14.0625 1
-2.81251 14.3437 1
-2.81251 14.625 1
-2.81251 14.9062 1
-2.81251 15.1875 1
-2.81251 15.4687 1
-2.81251 15.75 1
-2.81251 16.0312 1
-2.81251 16.3125 1
-2.81251 16.5937 1
-2.81251 16.875 1
-2.81251 17.1562 1
-2.81251 17.4375 1
-2.81251 17.7187 1
-2.81251 18 1

-2.53126 0 1
-2.53126 0.28125 1
-2.53126 0.562499 1
-2.53126 0.843749 1
-2.53126 1.125 1
-2.53126 1.40625 1
-2.53126 1.6875 1
-2.53126 1.96875 1
-2.53126 2.25 1
-2.53126 2.53125 1
-2.53126 2.8125 1
-2.53126 3.09375 1
-2.53126 3.375 1
-2.53126 3.65625 1
-2.53126 3.9375 1
-2.53126 4.21875 1
-2.53126 4.5 1
-2.53126 4.78125 1
-2.53126 5.06249 1
-2.53126 5.34374 1
-2.53126 5.62499 1
-2.53126 5.90624 1
-2.53126 6.18749 1
-2.53126 6.46874 1
-2.53126 6.74999 1
-2.53126 7.03124 1
-2.53126 7.31249 1
-2.53126 7.59374 1
-2.53126 7.87499 1
-2.53126 8.15624 1
-2.53126 8.43749 1
-2.53126 8.71874 1
-2.53126 8.99999 1
-2.53126 9.28124 1
-2.53126 9.56249 1
-2.53126 9.84374 1
-2.53126 10.125 1
-2.53126 10.4062 1
-2.53126 10.6875 1
-2.53126 10.9687 1
-2.53126 11.25 1
-2.53126 11.5312 1
-2.53126 11.8125 1
-2.53126 12.0937 1
-2.53126 12.375 1
-2.53126 12.6562 1
-2.53126 12.9375 1
-2.53126 13.2187 1
-2.53126 13.5 1
-2.53126 13.7812 1
-2.53126 14.0625 1
-2.53126 14.3437 1
-2.53126 14.625 1
-2.53126 14.9062 1
-2.53126 15.1875 1
-2.53126 15.4687 1
-2.53126 15.75 1
-2.53126 16.0312 1
-2.53126 16.3125 1
-2.53126 16.5937 1
-2.53126 16.875 1
-2.53126 17.1562 1
-2.53126 17.4375 1
-2.53126 17.7187 1
-2.53126 18 1

-2.25001 0 1
-2.25001 0.28125 1
-2.25001 0.562499 1
-2.25001 0.843749 1
-2.25001 1.125 1
-2.25001 1.40625 1
-2.25001 1.6875 1
-2.25001 1.96875 1
-2.25001 2.25 1
-2.25001 2.53125 1
-2.25001 2.8125 1
-2.25001 3.09375 1
-2.25001 3.375 1
-2.25001 3.65625 1
-2.25001 3.9375 1
-2.25001 4.21875 1
-2.25001 4.5 1
-2.25001 4.78125 1
-2.25001 5.06249 1
-2.25001 5.34374 1
-2.25001 5.62499 1
-2.25001 5.90624 1
-2.25001 6.18749 1
-2.25001 6.46874 1
-2.25001 6.74999 1
-2.25001 7.03124 1
-2.25001 7.31249 1
-2.25001 7.59374 1
-2.25001 7.87499 1
-2.25001 8.15624 1
-2.25001 8.43749 1
-2.25001 8.71874 1
-2.25001 8.99999 1
-2.25001 9.28124 1
-2.25001 9.56249 1
-2.25001 9.84374 1
-2.25001 10.125 1
-2.25001 10.4062 1
-2.25001 10.6875 1
-2.25001 10.9687 1
-2.25001 11.25 1
-2.25001 11.5312 1
-2.25001 11.8125 1
-2.25001 12.0937 1
-2.25001 12.375 1
-2.25001 12.6562 1
-2.25001 12.9375 1
-2.25001 13.2187 1
-2.25001 13.5 1
-2.25001 13.7812 1
-2.25001 14.0625 1
-2.25001 14.3437 1
-2.25001 14.625 1
-2.25001 14.9062 1
-2.25001 15.1875 1
-2.25001 15.4687 1
-2.25001 15.75 1
-2.25001 16.0312 1
-2.25001 16.3125 1
-2.25001 16.5937 1
-2.25001 16.875 1
-2.25001 17.1562 1
-2.25001 17.4375 1
-2.25001 17.7187 1
-2.25001 18 1

-1.96876 0 1
-1.96876 0.28125 1
-1.96876 0.562499 1
-1.96876 0.843749 1
-1.96876 1.125 1
-1.96876 1.40625 1
-1.96876 1.6875 1
-1.96876 1.96875 1
-1.96876 2.25 1
-1.96876 2.53125 1
-1.96876 2.8125 1
-1.96876 3.09375 1
-1.96876 3.375 1
-1.96876 3.65625 1
-1.96876 3.9375 1
-1.96876 4.21875 1
-1.96876 4.5 1
-1.96876 4.78125 1
-1.96876 5.06249 1
-1.96876 5.34374 1
-1.96876 5.62499 1
-1.96876 5.90624 1
-1.96876 6.18749 1
-1.96876 6.46874 1
-1.96876 6.74999 1
-1.96876 7.03124 1
-1.96876 7.31249 1
-1.96876 7.59374 1
-1.96876 7.87499 1
-1.96876 8.15624 1
-1.96876 8.43749 1
-1.96876 8.71874 1
-1.96876 8.99999 1
-1.96876 9.28124 1
-1.96876 9.56249 1
-1.96876 9.84374 1
-1.96876 10.125 1
-1.96876 10.4062 1
-1.96876 10.6875 1
-1.96876 10.9687 1
-1.96876 11.25 1
-1.96876 11.5312 1
-1.96876 11.8125 1
-1.96876 12.0937 1
-1.96876 12.375 1
-1.96876 12.6562 1
-1.96876 12.9375 1
-1.96876 13.2187 1
-1.96876 13.5 1
-1.96876 13.7812 1
-1.96876 14.0625 1
-1.96876 14.3437 1
-1.96876 14.625 1
-1.96876 14.9062 1
-1.96876 15.1875 1
-1.96876 15.4687 1
-1.96876 15.75 1
-1.96876 16.0312 1
-1.96876 16.3125 1
-1.96876 16.5937 1
-1.96876 16.875 1
-1.96876 17.1562 1
-1.96876 17.4375 1
-1.96876 17.7187 1
-1.96876 18 1

-1.68751 0 1
-1.68751 0.28125 1
-1.68751 0.562499 1
-1.68751 0.843749 1
-1.68751 1.125 1
-1.68751 1.40625 1
-1.68751 1.6875 1
-1.68751 1.96875 1
-1.68751 2.25 1
-1.68751 2.53125 1
-1.68751 2.8125 1
-1.68751 3.09375 1
-1.68751 3.375 1
-1.68751 3.65625 1
-1.68751 3.9375 1
-1.68751 4.21875 1
-1.68751 4.5 1
-1.68751 4.78125 1
-1.68751 5.06249 1
-1.68751 5.34374 1
-1.68751 5.62499 1
-1.68751 5.90624 1
-1.68751 6.18749 1
-1.68751 6.46874 1
-1.68751 6.74999 1
-1.68751 7.03124 1
-1.68751 7.31249 1
-1.68751 7.59374 1
-1.68751 7.87499 1
-1.68751 8.15624 1
-1.68751 8.43749 1
-1.68751 8.71874 1
-1.68751 8.99999 1
-1.68751 9.28124 1
-1.68751 9.56249 1
-1.68751 9.84374 1
-1.68751 10.125 1
-1.68751 10.4062 1
-1.68751 10.6875 1
-1.68751 10.9687 1
-1.68751 11.25 1
-1.68751 11.5312 1
-1.68751 11.8125 1
-1.68751 12.0937 1
-1.68751 12.375 1
-1.68751 12.6562 1
-1.68751 12.9375 1
-1.68751 13.2187 1
-1.68751 13.5 1
-1.68751 13.7812 1
-1.68751 14.0625 1
-1.68751 14.3437 1
-1.68751 14.625 1
-1.68751 14.9062 1
-1.68751 15.1875 1
-1.68751 15.4687 1
-1.68751 15.75 1
-1.68751 16.0312 1
-1.68751 16.3125 1
-1.68751 16.5937 1
-1.68751 16.875 1
-1.68751 17.1562 1
-1.68751 17.4375 1
-1.68751 17.7187 1
-1.68751 18 1

-1.40626 0 1
-1.40626 0.28125 1
-1.40626 0.562499 1
-1.40626 0.843749 1
-1.40626 1.125 1
-1.40626 1.40625 1
-1.40626 1.6875 1
-1.40626 1.96875 1
-1.40626 2.25 1
-1.40626 2.53125 1
-1.40626 2.8125 1
-1.40626 3.09375 1
-1.40626 3.375 1
-1.40626 3.65625 1
-1.40626 3.9375 1
-1.40626 4.21875 1
-1.40626 4.5 1
-1.40626 4.78125 1
-1.40626 5.06249 1
-1.40626 5.34374 1
-1.40626 5.62499 1
-1.40626 5.90624 1
-1.40626 6.18749 1
-1.40626 6.46874 1
-1.40626 6.74999 1
-1.40626 7.03124 1
-1.40626 7.31249 1
-1.40626 7.59374 1
-1.40626 7.87499 1
-1.40626 8.15624 1
-1.40626 8.43749 1
-1.40626 8.71874 1
-1.40626 8.99999 1
-1.40626 9.28124 1
-1.40626 9.56249 1
-1.40626 9.84374 1
-1.40626 10.125 1
-1.40626 10.4062 1
-1.40626 10.6875 1
-1.40626 10.9687 1
-1.40626 11.25 1
-1.40626 11.5312 1
-1.40626 11.8125 1
-1.40626 12.0937 1
-1.40626 12.375 1
-1.40626 12.6562 1
-1.40626 12.9375 1
-1.40626 13.2187 1
-1.40626 13.5 1
-1.40626 13.7812 1
-1.40626 14.0625 1
-1.40626 14.3437 1
-1.40626 14.625 1
-1.40626 14.9062 1
-1.40626 15.1875 1
-1.40626 15.4687 1
-1.40626 15.75 1
-1.40626 16.0312 1
-1.40626 16.3125 1
-1.40626 16.5937 1
-1.40626 16.875 1
-1.40626 17.1562 1
-1.40626 17.4375 1
-1.40626 17.7187 1
-1.40626 18 1

-1.12501 0 1
-1.12501 0.28125 1
-1.12501 0.562499 1
-1.12501 0.843749 1
-1.12501 1.125 1
-1.12501 1.40625 1
-1.12501 1.6875 1
-1.12501 1.96875 1
-1.12501 2.25 1
-1.12501 2.53125 1
-1.12501 2.8125 1
-1.12501 3.09375 1
-1.12501 3.375 1
-1.12501 3.65625 1
-1.12501 3.9375 1
-1.12501 4.21875 1
-1.12501 4.5 1
-1.12501 4.78125 1
-1.12501 5.06249 1
-1.12501 5.34374 1
-1.12501 5.62499 1
-1.12501 5.90624 1
-1.12501 6.18749 1
-1.12501 6.46874 1
-1.12501 6.74999 1
-1.12501 7.03124 1
-1.12501 7.31249 1
-1.12501 7.59374 1
-1.12501 7.87499 1
-1.12501 8.15624 1
-1.12501 8.43749 1
-1.12501 8.71874 1
-1.12501 8.99999 1
-1.12501 9.28124 1
-1.12501 9.56249 1
-1.12501 9.84374 1
-1.12501 10.125 1
-1.12501 10.4062 1
-1.12501 10.6875 1
-1.12501 10.9687 1
-1.12501 11.25 1
-1.12501 11.5312 1
-1.12501 11.8125 1
-1.12501 12.0937 1
-1.12501 12.375 1
-1.12501 12.6562 1
-1.12501 12.9375 1
-1.12501 13.2187 1
-1.12501 13.5 1
-1.12501 13.7812 1
-1.12501 14.0625 1
-1.12501 14.3437 1
-1.12501 14.625 1
-1.12501 14.9062 1
-1.12501 15.1875 1
-1.12501 15.4687 1
-1.12501 15.75 1
-1.12501 16.0312 1
-1.12501 16.3125 1
-1.12501 16.5937 1
-1.12501 16.875 1
-1.12501 17.1562 1
-1.12501 17.4375 1
-1.12501 17.7187 1
-1.12501 18 1

-0.843758 0 1
-0.843758 0.28125 1
-0.843758 0.562499 1
-0.843758 0.843749 1
-0.843758 1.125 1
-0.843758 1.40625 1
-0.843758 1.6875 1
-0.843758 1.96875 1
-0.843758 2.25 1
-0.843758 2.53125 1
-0.843758 2.8125 1
-0.843758 3.09375 1
-0.843758 3.375 1
-0.843758 3.65625 1
-0.843758 3.9375 1
-0.843758 4.21875 1
-0.843758 4.5 1
-0.843758 4.78125 1
-0.843758 5.06249 1
-0.843758 5.34374 1
-0.843758 5.62499 1
-0.843758 5.90624 1
-0.843758 6.18749 1
-0.843758 6.46874 1
-0.843758 6.74999 1
-0.843758 7.03124 1
-0.843758 7.31249 1
-0.843758 7.59374 1
-0.843758 7.87499 1
-0.843758 8.15624 1
-0.843758 8.43749 1
-0.843758 8.71874 1
-0.843758 8.99999 1
-0.843758 9.28124 1
-0.843758 9.56249 1
-0.843758 9.84374 1
-0.843758 10.125 1
-0.843758 10.4062 1
-0.843758 10.6875 1
-0.843758 10.9687 1
-0.843758 11.25 1
-0.843758 11.5312 1
-0.843758 11.8125 1
-0.843758 12.0937 1
-0.843758 12.375 1
-0.843758 12.6562 1
-0.843758 12.9375 1
-0.843758 13.2187 1
-0.843758 13.5 1
-0.843758 13.7812 1
-0.843758 14.0625 1
-0.843758 14.3437 1
-0.843758 14.625 1
-0.843758 14.9062 1
-0.843758 15.1875 1
-0.843758 15.4687 1
-0.843758 15.75 1
-0.843758 16.0312 1
-0.843758 16.3125 1
-0.843758 16.5937 1
-0.843758 16.875 1
-0.843758 17.1562 1
-0.843758 17.4375 1
-0.843758 17.7187 1
-0.843758 18 1

-0.562508 0 1
-0.562508 0.28125 1
-0.562508 0.562499 1
-0.562508 0.843749 1
-0.562508 1.125 1
-0.562508 1.40625 1
-0.562508 1.6875 1
-0.562508 1.96875 1
-0.562508 2.25 1
-0.562508 2.53125 1
-0.562508 2.8125 1
-0.562508 3.09375 1
-0.562508 3.375 1
-0.562508 3.65625 1
-0.562508 3.9375 1
-0.562508 4.21875 1
-0.562508 4.5 1
-0.562508 4.78125 1
-0.562508 5.06249 1
-0.562508 5.34374 1
-0.562508 5.62499 1
-0.562508 5.90624 1
-0.562508 6.18749 1
-0.562508 6.46874 1
-0.562508 6.74999 1
-0.562508 7.03124 1
-0.562508 7.31249 1
-0.562508 7.59374 1
-0.562508 7.87499 1
-0.562508 8.15624 1
-0.562508 8.43749 1
-0.562508 8.71874 1
-0.562508 8.99999 1
-0.562508 9.28124 1
-0.562508 9.56249 1
-0.562508 9.84374 1
-0.562508 10.125 1
-0.562508 10.4062 1
-0.562508 10.6875 1
-0.562508 10.9687 1
-0.562508 11.25 1
-0.562508 11.5312 1
-0.562508 11.8125 1
-0.562508 12.0937 1
-0.562508 12.375 1
-0.562508 12.6562 1
-0.562508 12.9375 1
-0.562508 13.2187 1
-0.562508 13.5 1
-0.562508 13.7812 1
-0.562508 14.0625 1
-0.562508 14.3437 1
-0.562508 14.625 1
-0.562508 14.9062 1
-0.562508 15.1875 1
-0.562508 15.4687 1
-0.562508 15.75 1
-0.562508 16.0312 1
-0.562508 16.3125 1
-0.562508 16.5937 1
-0.562508 16.875 1
-0.562508 17.1562 1
-0.562508 17.4375 1
-0.562508 17.7187 1
-0.562508 18 1

-0.281259 0 0
-0.281259 0.28125 0
-0.281259 0.562499 1
-0.281259 0.843749 1
-0.281259 1.125 1
-0.281259 1.40625 1
-0.281259 1.6875 1
-0.281259 1.96875 1
-0.281259 2.25 1
-0.281259 2.53125 1
-0.281259 2.8125 1
-0.281259 3.09375 1
-0.281259 3.375 1
-0.281259 3.65625 1
-0.281259 3.9375 1
-0.281259 4.21875 1
-0.281259 4.5 1
-0.281259 4.78125 1
-0.281259 5.06249 1
-0.281259 5.34374 1
-0.281259 5.62499 1
-0.281259 5.90624 1
-0.281259 6.18749 1
-0.281259 6.46874 1
-0.281259 6.74999 1
-0.281259 7.03124 1
-0.281259 7.31249 1
-0.281259 7.59374 1
-0.281259 7.87499 1
-0.281259 8.15624 1
-0.281259 8.43749 1
-0.281259 8.71874 1
-0.281259 8.99999 1
-0.281259 9.28124 1
-0.281259 9.56249 1
-0.281259 9.84374 1
-0.281259 10.125 1
-0.281259 10.4062 1
-0.281259 10.6875 1
-0.281259 10.9687 1
-0.281259 11.25 1
-0.281259 11.5312 1
-0.281259 11.8125 1
-0.281259 12.0937 1
-0.281259 12.375 1
-0.281259 12.6562 1
-0.281259 12.9375 1
-0.281259 13.2187 1
-0.281259 13.5 1
-0.281259 13.7812 1
-0.281259 14.0625 1
-0.281259 14.3437 1
-0.281259 14.625 1
-0.281259 14.9062 1
-0.281259 15.1875 1
-0.281259 15.4687 1
-0.281259 15.75 1
-0.281259 16.0312 1
-0.281259 16.3125 1
-0.281259 16.5937 1
-0.281259 16.875 1
-0.281259 17.1562 1
-0.281259 17.4375 1
-0.281259 17.7187 1
-0.281259 18 1

-9e-06 0 0
-9e-06 0.28125 0
-9e-06 0.562499 1
-9e-06 0.843749 1
-9e-06 1.125 1
-9e-06 1.40625 1
-9e-06 1.6875 1
-9e-06 1.96875 1
-9e-06 2.25 1
-9e-06 2.53125 1
-9e-06 2.8125 1
-9e-06 3.09375 1
-9e-06 3.375 1
-9e-06 3.65625 1
-9e-06 3.9375 1
-9e-06 4.21875 1
-9e-06 4.5 1
-9e-06 4.78125 1
-9e-06 5.06249 1
-9e-06 5.34374 1
-9e-06 5.62499 1
-9e-06 5.90624 1
-9e-06 6.18749 1
-9e-06 6.46874 1
-9e-06 6.74999 1
-9e-06 7.03124 1
-9e-06 7.31249 1
-9e-06 7.59374 1
-9e-06 7.87499 1
-9e-06 8.15624 1
-9e-06 8.43749 1
-9e-06 8.71874 1
-9e-06 8.99999 1
-9e-06 9.28124 1
-9e-06 9.56249 1
-9e-06 9.84374 1
-9e-06 10.125 1
-9e-06 10.4062 1
-9e-06 10.6875 1
-9e-06 10.9687 1
-9e-06 11.25 1
-9e-06 11.5312 1
-9e-06 11.8125 1
-9e-06 12.0937 1
-9e-06 12.375 1
-9e-06 12.6562 1
-9e-06 12.9375 1
-9e-06 13.2187 1
-9e-06 13.5 1
-9e-06 13.7812 1
-9e-06 14.0625 1
-9e-06 14.3437 1
-9e-06 14.625 1
-9e-06 14.9062 1
-9e-06 15.1875 1
-9e-06 15.4687 1
-9e-06 15.75 1
-9e-06 16.0312 1
-9e-06 16.3125 1
-9e-06 16.5937 1
-9e-06 16.875 1
-9e-06 17.1562 1
-9e-06 17.4375 1
-9e-06 17.7187 1
-9e-06 18 1

0.281241 0 0
0.281241 0.28125 0
0.281241 0.562499 1
0.281241 0.843749 1
0.281241 1.125 1
0.281241 1.40625 1
0.281241 1.6875 1
0.281241 1.96875 1
0.281241 2.25 1
0.281241 2.53125 1
0.281241 2.8125 1
0.281241 3.09375 1
0.281241 3.375 1
0.281241 3.65625 1
0.281241 3.9375 1
0.281241 4.21875 1
0.281241 4.5 1
0.281241 4.78125 1
0.281241 5.06249 1
0.281241 5.34374 1
0.281241 5.62499 1
0.281241 5.90624 1
0.281241 6.18749 1
0.281241 6.46874 1
0.281241 6.74999 1
0.281241 7.03124 1
0.281241 7.31249 1
0.281241 7.59374 1
0.281241 7.87499 1
0.281241 8.15624 1
0.281241 8.43749 1
0.281241 8.71874 1
0.281241 8.99999 1
0.281241 9.28124 1
0.281241 9.56249 1
0.281241 9.84374 1
0.281241 10.125 1
0.281241 10.4062 1
0.281241 10.6875 1
0.281241 10.9687 1
0.281241 11.25 1
0.281241 11.5312 1
0.281241 11.8125 1
0.281241 12.0937 1
0.281241 12.375 1
0.281241 12.6562 1
0.281241 12.9375 1
0.281241 13.2187 1
0.281241 13.5 1
0.281241 13.7812 1
0.281241 14.0625 1
0.281241 14.3437 1
0.281241 14.625 1
0.281241 14.9062 1
0.281241 15.1875 1
0.281241 15.4687 1
0.281241 15.75 1
0.281241 16.0312 1
0.281241 16.3125 1
0.281241 16.5937 1
0.281241 16.875 1
0.281241 17.1562 1
0.281241 17.4375 1
0.281241 17.7187 1
0.281241 18 1

0.56249 0 1
0.56249 0.28125 1
0.56249 0.562499 1
0.56249 0.843749 1
0.56249 1.125 1
0.56249 1.40625 1
0.56249 1.6875 1
0.56249 1.96875 1
0.56249 2.25 1
0.56249 2.53125 1
0.56249 2.8125 1
0.56249 3.09375 1
0.56249 3.375 1
0.56249 3.65625 1
0.56249 3.9375 1
0.56249 4.21875 1
0.56249 4.5 1
0.56249 4.78125 1
0.56249 5.06249 1
0.56249 5.34374 1
0.56249 5.62499 1
0.56249 5.90624 1
0.56249 6.18749 1
0.56249 6.46874 1
0.56249 6.74999 1
0.56249 7.03124 1
0.56249 7.31249 1
0.56249 7.59374 1
0.56249 7.87499 1
0.56249 8.15624 1
0.56249 8.43749 1
0.56249 8.71874 1
0.56249 8.99999 1
0.56249 9.28124 1
0.56249 9.56249 1
0.56249 9.84374 1
0.56249 10.125 1
0.56249 10.4062 1
0.56249 10.6875 1
0.56249 10.9687 1
0.56249 11.25 1
0.56249 11.5312 1
0.56249 11.8125 1
0.56249 12.0937 1
0.56249 12.375 1
0.56249 12.6562 1
0.56249 12.9375 1
0.56249 13.2187 1
0.56249 13.5 1
0.56249 13.7812 1
0.56249 14.0625 1
0.56249 14.3437 1
0.56249 14.625 1
0.56249 14.9062 1
0.56249 15.1875 1
0.56249 15.4687 1
0.56249 15.75 1
0.56249 16.0312 1
0.56249 16.3125 1
0.56249 16.5937 1
0.56249 16.875 1
0.56249 17.1562 1
0.56249 17.4375 1
0.56249 17.7187 1
0.56249 18 1

0.84374 0 1
0.84374 0.28125 1
0.84374 0.562499 1
0.84374 0.843749 1
0.84374 1.125 1
0.84374 1.40625 1
0.84374 1.6875 1
0.84374 1.96875 1
0.84374 2.25 1
0.84374 2.53125 1
0.84374 2.8125 1
0.84374 3.09375 1
0.84374 3.375 1
0.84374 3.65625 1
0.84374 3.9375 1
0.84374 4.21875 1
0.84374 4.5 1
0.84374 4.78125 1
0.84374 5.06249 1
0.84374 5.34374 1
0.84374 5.62499 1
0.84374 5.90624 1
0.84374 6.18749 1
0.84374 6.46874 1
0.84374 6.74999 1
0.84374 7.03124 1
0.84374 7.31249 1
0.84374 7.59374 1
0.84374 7.87499 1
0.84374 8.15624 1
0.84374 8.43749 1
0.84374 8.71874 1
0.84374 8.99999 1
0.84374 9.28124 1
0.84374 9.56249 1
0.84374 9.84374 1
0.84374 10.125 1
0.84374 10.4062 1
0.84374 10.6875 1
0.84374 10.9687 1
0.84374 11.25 1
0.84374 11.5312 1
0.84374 11.8125 1
0.84374 12.0937 1
0.84374 12.375 1
0.84374 12.6562 1
0.84374 12.9375 1
0.84374 13.2187 1
0.84374 13.5 1
0.84374 13.7812 1
0.84374 14.0625 1
0.84374 14.3437 1
0.84374 14.625 1
0.84374 14.9062 1
0.84374 15.1875 1
0.84374 15.4687 1
0.84374 15.75 1
0.84374 16.0312 1
0.84374 16.3125 1
0.84374 16.5937 1
0.84374 16.875 1
0.84374 17.1562 1
0.84374 17.4375 1
0.84374 17.7187 1
0.84374 18 1

1.12499 0 1
1.12499 0.28125 1
1.12499 0.562499 1
1.12499 0.843749 1
1.12499 1.125 1
1.12499 1.40625 1
1.12499 1.6875 1
1.12499 1.96875 1
1.12499 2.25 1
1.12499 2.53125 1
1.12499 2.8125 1
1.12499 3.09375 1
1.12499 3.375 1
1.12499 3.65625 1
1.12499 3.9375 1
1.12499 4.21875 1
1.12499 4.5 1
1.12499 4.78125 1
1.12499 5.06249 1
1.12499 5.34374 1
1.12499 5.62499 1
1.12499 5.90624 1
1.12499 6.18749 1
1.12499 6.46874 1
1.12499 6.74999 1
1.12499 7.03124 1
1.12499 7.31249 1
1.12499 7.59374 1
1.12499 7.87499 1
1.12499 8.15624 1
1.12499 8.43749 1
1.12499 8.71874 1
1.12499 8.99999 1
1.12499 9.28124 1
1.12499 9.56249 1
1.12499 9.84374 1
1.12499 10.125 1
1.12499 10.4062 1
1.12499 10.6875 1
1.12499 10.9687 1
1.12499 11.25 1
1.12499 11.5312 1
1.12499 11.8125 1
1.12499 12.0937 1
1.12499 12.375 1
1.12499 12.6562 1
1.12499 12.9375 1
1.12499 13.2187 1
1.12499 13.5 1
1.12499 13.7812 1
1.12499 14.0625 1
1.12499 14.3437 1
1.12499 14.625 1
1.12499 14.9062 1
1.12499 15.1875 1
1.12499 15.4687 1
1.12499 15.75 1
1.12499 16.0312 1
1.12499 16.3125 1
1.12499 16.5937 1
1.12499 16.875 1
1.12499 17.1562 1
1.12499 17.4375 1
1.12499 17.7187 1
1.12499 18 1

1.40624 0 1
1.40624 0.28125 1
1.40624 0.562499 1
1.40624 0.843749 1
1.40624 1.125 1
1.40624 1.40625 1
1.40624 1.6875 1
1.40624 1.96875 1
1.40624 2.25 1
1.40624 2.53125 1
1.40624 2.8125 1
1.40624 3.09375 1
1.40624 3.375 1
1.40624 3.65625 1
1.40624 3.9375 1
1.40624 4.21875 1
1.40624 4.5 1
1.40624 4.78125 1
1.40624 5.06249 1
1.40624 5.34374 1
1.40624 5.62499 1
1.40624 5.90624 1
1.40624 6.18749 1
1.40624 6.46874 1
1.40624 6.74999 1
1.40624 7.03124 1
1.40624 7.31249 1
1.40624 7.59374 1
1.40624 7.87499 1
1.40624 8.15624 1
1.40624 8.43749 1
1.40624 8.71874 1
1.40624 8.99999 1
1.40624 9.28124 1
1.40624 9.56249 1
1.40624 9.84374 1
1.40624 10.125 1
1.40624 10.4062 1
1.40624 10.6875 1
1.40624 10.9687 1
1.40624 11.25 1
1.40624 11.5312 1
1.40624 11.8125 1
1.40624 12.0937 1
1.40624 12.375 1
1.40624 12.6562 1
1.40624 12.9375 1
1.40624 13.2187 1
1.40624 13.5 1
1.40624 13.7812 1
1.40624 14.0625 1
1.40624 14.3437 1
1.40624 14.625 1
1.40624 14.9062 1
1.40624 15.1875 1
1.40624 15.4687 1
1.40624 15.75 1
1.40624 16.0312 1
1.40624 16.3125 1
1.40624 16.5937 1
1.40624 16.875 1
1.40624 17.1562 1
1.40624 17.4375 1
1.40624 17.7187 1
1.40624 18 1

1.68749 0 1
1.68749 0.28125 1
1.68749 0.562499 1
1.68749 0.843749 1
1.68749 1.125 1
1.68749 1.40625 1
1.68749 1.6875 1
1.68749 1.96875 1
1.68749 2.25 1
1.68749 2.53125 1
1.68749 2.8125 1
1.68749 3.09375 1
1.68749 3.375 1
1.68749 3.65625 1
1.68749 3.9375 1
1.68749 4.21875 1
1.68749 4.5 1
1.68749 4.78125 1
1.68749 5.06249 1
1.68749 5.34374 1
1.68749 5.62499 1
1.68749 5.90624 1
1.68749 6.18749 1
1.68749 6.46874 1
1.68749 6.74999 1
1.68749 7.03124 1
1.68749 7.31249 1
1.68749 7.59374 1
1.68749 7.87499 1
1.68749 8.15624 1
1.68749 8.43749 1
1.68749 8.71874 1
1.68749 8.99999 1
1.68749 9.28124 1
1.68749 9.56249 1
1.68749 9.84374 1
1.68749 10.125 1
1.68749 10.4062 1
1.68749 10.6875 1
1.68749 10.9687 1
1.68749 11.25 1
1.68749 11.5312 1
1.68749 11.8125 1
1.68749 12.0937 1
1.68749 12.375 1
1.68749 12.6562 1
1.68749 12.9375 1
1.68749 13.2187 1
1.68749 13.5 1
1.68749 13.7812 1
1.68749 14.0625 1
1.68749 14.3437 1
1.68749 14.625 1
1.68749 14.9062 1
1.68749 15.1875 1
1.68749 15.4687 1
1.68749 15.75 1
1.68749 16.0312 1
1.68749 16.3125 1
1.68749 16.5937 1
1.68749 16.875 1
1.68749 17.1562 1
1.68749 17.4375 1
1.68749 17.7187 1
1.68749 18 1

1.96874 0 1
1.96874 0.28125 1
1.96874 0.562499 1
1.96874 0.843749 1
1.96874 1.125 1
1.96874 1.40625 1
1.96874 1.6875 1
1.96874 1.96875 1
1.96874 2.25 1
1.96874 2.53125 1
1.96874 2.8125 1
1.96874 3.09375 1
1.96874 3.375 1
1.96874 3.65625 1
1.96874 3.9375 1
1.96874 4.21875 1
1.96874 4.5 1
1.96874 4.78125 1
1.96874 5.06249 1
1.96874 5.34374 1
1.96874 5.62499 1
1.96874 5.90624 1
1.96874 6.18749 1
1.96874 6.46874 1
1.96874 6.74999 1
1.96874 7.03124 1
1.96874 7.31249 1
1.96874 7.59374 1
1.96874 7.87499 1
1.96874 8.15624 1
1.96874 8.43749 1
1.96874 8.71874 1
1.96874 8.99999 1
1.96874 9.28124 1
1.96874 9.56249 1
1.96874 9.84374 1
1.96874 10.125 1
1.96874 10.4062 1
1.96874 10.6875 1
1.96874 10.9687 1
1.96874 11.25 1
1.96874 11.5312 1
1.96874 11.8125 1
1.96874 12.0937 1
1.96874 12.375 1
1.96874 12.6562 1
1.96874 12.9375 1
1.96874 13.2187 1
1.96874 13.5 1
1.96874 13.7812 1
1.96874 14.0625 1
1.96874 14.3437 1
1.96874 14.625 1
1.96874 14.9062 1
1.96874 15.1875 1
1.96874 15.4687 1
1.96874 15.75 1
1.96874 16.0312 1
1.96874 16.3125 1
1.96874 16.5937 1
1.96874 16.875 1
1.96874 17.1562 1
1.96874 17.4375 1
1.96874 17.7187 1
1.96874 18 1

2.24999 0 1
2.24999 0.28125 1
2.24999 0.562499 1
2.24999 0.843749 1
2.24999 1.125 1
2.24999 1.40625 1
2.24999 1.6875 1
2.24999 1.96875 1
2.24999 2.25 1
2.24999 2.53125 1
2.24999 2.8125 1
2.24999 3.09375 1
2.24999 3.375 1
2.24999 3.65625 1
2.24999 3.9375 1
2.24999 4.21875 1
2.24999 4.5 1
2.24999 4.78125 1
2.24999 5.06249 1
2.24999 5.34374 1
2.24999 5.62499 1
2.24999 5.90624 1
2.24999 6.18749 1
2.24999 6.46874 1
2.24999 6.74999 1
2.24999 7.03124 1
2.24999 7.31249 1
2.24999 7.59374 1
2.24999 7.87499 1
2.24999 8.15624 1
2.24999 8.43749 1
2.24999 8.71874 1
2.24999 8.99999 1
2.24999 9.28124 1
2.24999 9.56249 1
2.24999 9.84374 1
2.24999 10.125 1
2.24999 10.4062 1
2.24999 10.6875 1
2.24999 10.9687 1
2.24999 11.25 1
2.24999 11.5312 1
2.24999 11.8125 1
2.24999 12.0937 1
2.24999 12.375 1
2.24999 12.6562 1
2.24999 12.9375 1
2.24999 13.2187 1
2.24999 13.5 1
2.24999 13.7812 1
2.24999 14.0625 1
2.24999 14.3437 1
2.24999 14.625 1
2.24999 14.9062 1
2.24999 15.1875 1
2.24999 15.4687 1
2.24999 15.75 1
2.24999 16.0312 1
2.24999 16.3125 1
2.24999 16.5937 1
2.24999 16.875 1
2.24999 17.1562 1
2.24999 17.4375 1
2.24999 17.7187 1
2.24999 18 1

2.53124 0 1
2.53124 0.28125 1
2.53124 0.562499 1
2.53124 0.843749 1
2.53124 1.125 1
2.53124 1.40625 1
2.53124 1.6875 1
2.53124 1.96875 1
2.53124 2.25 1
2.53124 2.53125 1
2.53124 2.8125 1
2.53124 3.09375 1
2.53124 3.375 1
2.53124 3.65625 1
2.53124 3.9375 1
2.53124 4.21875 1
2.53124 4.5 1
2.53124 4.78125 1
2.53124 5.06249 1
2.53124 5.34374 1
2.53124 5.62499 1
2.53124 5.90624 1
2.53124 6.18749 1
2.53124 6.46874 1
2.53124 6.74999 1
2.53124 7.03124 1
2.53124 7.31249 1
2.53124 7.59374 1
2.53124 7.87499 1
2.53124 8.15624 1
2.53124 8.43749 1
2.53124 8.71874 1
2.53124 8.99999 1
2.53124 9.28124 1
2.53124 9.56249 1
2.53124 9.84374 1
2.53124 10.125 1
2.53124 10.4062 1
2.53124 10.6875 1
2.53124 10.9687 1
2.53124 11.25 1
2.53124 11.5312 1
2.53124 11.8125 1
2.53124 12.0937 1
2.53124 12.375 1
2.53124 12.6562 1
2.53124 12.9375 1
2.53124 13.2187 1
2.53124 13.5 1
2.53124 13.7812 1
2.53124 14.0625 1
2.53124 14.3437 1
2.53124 14.625 1
2.53124 14.9062 1
2.53124 15.1875 1
2.53124 15.4687 1
2.53124 15.75 1
2.53124 16.0312 1
2.53124 16.3125 1
2.53124 16.5937 1
2.53124 16.875 1
2.53124 17.1562 1
2.53124 17.4375 1
2.53124 17.7187 1
2.53124 18 1

2.81249 0 1
2.81249 0.28125 1
2.81249 0.562499 1
2.81249 0.843749 1
2.81249 1.125 1
2.81249 1.40625 1
2.81249 1.6875 1
2.81249 1.96875 1
2.81249 2.25 1
2.81249 2.53125 1
2.81249 2.8125 1
2.81249 3.09375 1
2.81249 3.375 1
2.81249 3.65625 1
2.81249 3.9375 1
2.81249 4.21875 1
2.81249 4.5 1
2.81249 4.78125 1
2.81249 5.06249 1
2.81249 5.34374 1
2.81249 5.62499 1
2.81249 5.90624 1
2.81249 6.18749 1
2.81249 6.46874 1
2.81249 6.74999 1
2.81249 7.03124 1
2.81249 7.31249 1
2.81249 7.59374 1
2.81249 7.87499 1
2.81249 8.15624 1
2.81249 8.43749 1
2.81249 8.71874 1
2.81249 8.99999 1
2.81249 9.28124 1
2.81249 9.56249 1
2.81249 9.84374 1
2.81249 10.125 1
2.81249 10.4062 1
2.81249 10.6875 1
2.81249 10.9687 1
2.81249 11.25 1
2.81249 11.5312 1
2.81249 11.8125 1
2.81249 12.0937 1
2.81249 12.375 1
2.81249 12.6562 1
2.81249 12.9375 1
2.81249 13.2187 1
2.81249 13.5 1
2.81249 13.7812 1
2.81249 14.0625 1
2.81249 14.3437 1
2.81249 14.625 1
2.81249 14.9062 1
2.81249 15.1875 1
2.81249 15.4687 1
2.81249 15.75 1
2.81249 16.0312 1
2.81249 16.3125 1
2.81249 16.5937 1
2.81249 16.875 1
2.81249 17.1562 1
2.81249 17.4375 1
2.81249 17.7187 1
2.81249 18 1

3.09374 0 1
3.09374 0.28125 1
3.09374 0.562499 1
3.09374 0.843749 1
3.09374 1.125 1
3.09374 1.40625 1
3.09374 1.6875 1
3.09374 1.96875 1
3.09374 2.25 1
3.09374 2.53125 1
3.09374 2.8125 1
3.09374 3.09375 1
3.09374 3.375 1
3.09374 3.65625 1
3.09374 3.9375 1
3.09374 4.21875 1
3.09374 4.5 1
3.09374 4.78125 1
3.09374 5.06249 1
3.09374 5.34374 1
3.09374 5.62499 1
3.09374 5.90624 1
3.09374 6.18749 1
3.09374 6.46874 1
3.09374 6.74999 1
3.09374 7.03124 1
3.09374 7.31249 1
3.09374 7.59374 1
3.09374 7.87499 1
3.09374 8.15624 1
3.09374 8.43749 1
3.09374 8.71874 1
3.09374 8.99999 1
3.09374 9.28124 1
3.09374 9.56249 1
3.09374 9.84374 1
3.09374 10.125 1
3.09374 10.4062 1
3.09374 10.6875 1
3.09374 10.9687 1
3.09374 11.25 1
3.09374 11.5312 1
3.09374 11.8125 1
3.09374 12.0937 1
3.09374 12.375 1
3.09374 12.6562 1
3.09374 12.9375 1
3.09374 13.2187 1
3.09374 13.5 1
3.09374 13.7812 1
3.09374 14.0625 1
3.09374 14.3437 1
3.09374 14.625 1
3.09374 14.9062 1
3.09374 15.1875 1
3.09374 15.4687 1
3.09374 15.75 1
3.09374 16.0312 1
3.09374 16.3125 1
3.09374 16.5937 1
3.09374 16.875 1
3.09374 17.1562 1
3.09374 17.4375 1
3.09374 17.7187 1
3.09374 18 1

3.37499 0 1
3.37499 0.28125 1
3.37499 0.562499 1
3.37499 0.843749 1
3.37499 1.125 1
3.37499 1.40625 1
3.37499 1.6875 1
3.37499 1.96875 1
3.37499 2.25 1
3.37499 2.53125 1
3.37499 2.8125 1
3.37499 3.09375 1
3.37499 3.375 1
3.37499 3.65625 1
3.37499 3.9375 1
3.37499 4.21875 1
3.37499 4.5 1
3.37499 4.78125 1
3.37499 5.06249 1
3.37499 5.34374 1
3.37499 5.62499 1
3.37499 5.90624 1
3.37499 6.18749 1
3.37499 6.46874 1
3.37499 6.74999 1
3.37499 7.03124 1
3.37499 7.31249 1
3.37499 7.59374 1
3.37499 7.87499 1
3.37499 8.15624 1
3.37499 8.43749 1
3.37499 8.71874 1
3.37499 8.99999 1
3.37499 9.28124 1
3.37499 9.56249 1
3.37499 9.84374 1
3.37499 10.125 1
3.37499 10.4062 1
3.37499 10.6875 1
3.37499 10.9687 1
3.37499 11.25 1
3.37499 11.5312 1
3.37499 11.8125 1
3.37499 12.0937 1
3.37499 12.375 1
3.37499 12.6562 1
3.37499 12.9375 1
3.37499 13.2187 1
3.37499 13.5 1
3.37499 13.7812 1
3.37499 14.0625 1
3.37499 14.3437 1
3.37499 14.625 1
3.37499 14.9062 1
3.37499 15.1875 1
3.37499 15.4687 1
3.37499 15.75 1
3.37499 16.0312 1
3.37499 16.3125 1
3.37499 16.5937 1
3.37499 16.875 1
3.37499 17.1562 1
3.37499 17.4375 1
3.37499 17.7187 1
3.37499 18 1

3.65624 0 1
3.65624 0.28125 1
3.65624 0.562499 1
3.65624 0.843749 1
3.65624 1.125 1
3.65624 1.40625 1
3.65624 1.6875 1
3.65624 1.96875 1
3.65624 2.25 1
3.65624 2.53125 1
3.65624 2.8125 1
3.65624 3.09375 1
3.65624 3.375 1
3.65624 3.65625 1
3.65624 3.9375 1
3.65624 4.21875 1
3.65624 4.5 1
3.65624 4.78125 1
3.65624 5.06249 1
3.65624 5.34374 1
3.65624 5.62499 1
3.65624 5.90624 1
3.65624 6.18749 1
3.65624 6.46874 1
3.65624 6.74999 1
3.65624 7.03124 1
3.65624 7.31249 1
3.65624 7.59374 1
3.65624 7.87499 1
3.65624 8.15624 1
3.65624 8.43749 1
3.65624 8.71874 1
3.65624 8.99999 1
3.65624 9.28124 1
3.65624 9.56249 1
3.65624 9.84374 1
3.65624 10.125 1
3.65624 10.4062 1
3.65624 10.6875 1
3.65624 10.9687 1
3.65624 11.25 1
3.65624 11.5312 1
3.65624 11.8125 1
3.65624 12.0937 1
3.65624 12.375 1
3.65624 12.6562 1
3.65624 12.9375 1
3.65624 13.2187 1
3.65624 13.5 1
3.65624 13.7812 1
3.65624 14.0625 1
3.65624 14.3437 1
3.65624 14.625 1
3.65624 14.9062 1
3.65624 15.1875 1
3.65624 15.4687 1
3.65624 15.75 1
3.65624 16.0312 1
3.65624 16.3125 1
3.65624 16.5937 1
3.65624 16.875 1
3.65624 17.1562 1
3.65624 17.4375 1
3.65624 17.7187 1
3.65624 18 1

3.93749 0 1
3.93749 0.28125 1
3.93749 0.562499 1
3.93749 0.843749 1
3.93749 1.125 1
3.93749 1.40625 1
3.93749 1.6875 1
3.93749 1.96875 1
3.93749 2.25 1
3.93749 2.53125 1
3.93749 2.8125 1
3.93749 3.09375 1
3.93749 3.375 1
3.93749 3.65625 1
3.93749 3.9375 1
3.93749 4.21875 1
3.93749 4.5 1
3.93749 4.78125 1
3.93749 5.06249 1
3.93749 5.34374 1
3.93749 5.62499 1
3.93749 5.90624 1
3.93749 6.18749 1
3.93749 6.46874 1
3.93749 6.74999 1
3.93749 7.03124 1
3.93749 7.31249 1
3.93749 7.59374 1
3.93749 7.87499 1
3.93749 8.15624 1
3.93749 8.43749 1
3.93749 8.71874 1
3.93749 8.99999 1
3.93749 9.28124 1
3.93749 9.56249 1
3.93749 9.84374 1
3.93749 10.125 1
3.93749 10.4062 1
3.93749 10.6875 1
3.93749 10.9687 1
3.93749 11.25 1
3.93749 11.5312 1
3.93749 11.8125 1
3.93749 12.0937 1
3.93749 12.375 1
3.93749 12.6562 1
3.93749 12.9375 1
3.93749 13.2187 1
3.93749 13.5 1
3.93749 13.7812 1
3.93749 14.0625 1
3.93749 14.3437 1
3.93749 14.625 1
3.93749 14.9062 1
3.93749 15.1875 1
3.93749 15.4687 1
3.93749 15.75 1
3.93749 16.0312 1
3.93749 16.3125 1
3.93749 16.5937 1
3.93749 16.875 1
3.93749 17.1562 1
3.93749 17.4375 1
3.93749 17.7187 1
3.93749 18 1

4.21874 0 1
4.21874 0.28125 1
4.21874 0.562499 1
4.21874 0.843749 1
4.21874 1.125 1
4.21874 1.40625 1
4.21874 1.6875 1
4.21874 1.96875 1
4.21874 2.25 1
4.21874 2.53125 1
4.21874 2.8125 1
4.21874 3.09375 1
4.21874 3.375 1
4.21874 3.65625 1
4.21874 3.9375 1
4.21874 4.21875 1
4.21874 4.5 1
4.21874 4.78125 1
4.21874 5.06249 1
4.21874 5.34374 1
4.21874 5.62499 1
4.21874 5.90624 1
4.21874 6.18749 1
4.21874 6.46874 1
4.21874 6.74999 1
4.21874 7.03124 1
4.21874 7.31249 1
4.21874 7.59374 1
4.21874 7.87499 1
4.21874 8.15624 1
4.21874 8.43749 1
4.21874 8.71874 1
4.21874 8.99999 1
4.21874 9.28124 1
4.21874 9.56249 1
4.21874 9.84374 1
4.21874 10.125 1
4.21874 10.4062 1
4.21874 10.6875 1
4.21874 10.9687 1
4.21874 11.25 1
4.21874 11.5312 1
4.21874 11.8125 1
4.21874 12.0937 1
4.21874 12.375 1
4.21874 12.6562 1
4.21874 12.9375 1
4.21874 13.2187 1
4.21874 13.5 1
4.21874 13.7812 1
4.21874 14.0625 1
4.21874 14.3437 1
4.21874 14.625 1
4.21874 14.9062 1
4.21874 15.1875 1
4.21874 15.4687 1
4.21874 15.75 1
4.21874 16.0312 1
4.21874 16.3125 1
4.21874 16.5937 1
4.21874 16.875 1
4.21874 17.1562 1
4.21874 17.4375 1
4.21874 17.7187 1
4.21874 18 1

4.49999 0 1
4.49999 0.28125 1
4.49999 0.562499 1
4.49999 0.843749 1
4.49999 1.125 1
4.49999 1.40625 1
4.49999 1.6875 1
4.49999 1.96875 1
4.49999 2.25 1
4.49999 2.53125 1
4.49999 2.8125 1
4.49999 3.09375 1
4.49999 3.375 1
4.49999 3.65625 1
4.49999 3.9375 1
4.49999 4.21875 1
4.49999 4.5 1
4.49999 4.78125 1
4.49999 5.06249 1
4.49999 5.34374 1
4.49999 5.62499 1
4.49999 5.90624 1
4.49999 6.18749 1
4.49999 6.46874 1
4.49999 6.74999 1
4.49999 7.03124 1
4.49999 7.31249 1
4.49999 7.59374 1
4.49999 7.87499 1
4.49999 8.15624 1
4.49999 8.43749 1
4.49999 8.71874 1
4.49999 8.99999 1
4.49999 9.28124 1
4.49999 9.56249 1
4.49999 9.84374 1
4.49999 10.125 1
4.49999 10.4062 1
4.49999 10.6875 1
4.49999 10.9687 1
4.49999 11.25 1
4.49999 11.5312 1
4.49999 11.8125 1
4.49999 12.0937 1
4.49999 12.375 1
4.49999 12.6562 1
4.49999 12.9375 1
4.49999 13.2187 1
4.49999 13.5 1
4.49999 13.7812 1
4.49999 14.0625 1
4.49999 14.3437 1
4.49999 14.625 1
4.49999 14.9062 1
4.49999 15.1875 1
4.49999 15.4687 1
4.49999 15.75 1
4.49999 16.0312 1
4.49999 16.3125 1
4.49999 16.5937 1
4.49999 16.875 1
4.49999 17.1562 1
4.49999 17.4375 1
4.49999 17.7187 1
4.49999 18 1

4.78124 0 1
4.78124 0.28125 1
4.78124 0.562499 1
4.78124 0.843749 1
4.78124 1.125 1
4.78124 1.40625 1
4.78124 1.6875 1
4.78124 1.96875 1
4.78124 2.25 1
4.78124 2.53125 1
4.78124 2.8125 1
4.78124 3.09375 1
4.78124 3.375 1
4.78124 3.65625 1
4.78124 3.9375 1
4.78124 4.21875 1
4.78124 4.5 1
4.78124 4.78125 1
4.78124 5.06249 1
4.78124 5.34374 1
4.78124 5.62499 1
4.78124 5.90624 1
4.78124 6.18749 1
4.78124 6.46874 1
4.78124 6.74999 1
4.78124 7.03124 1
4.78124 7.31249 1
4.78124 7.59374 1
4.78124 7.87499 1
4.78124 8.15624 1
4.78124 8.43749 1
4.78124 8.71874 1
4.78124 8.99999 1
4.78124 9.28124 1
4.78124 9.56249 1
4.78124 9.84374 1
4.78124 10.125 1
4.78124 10.4062 1
4.78124 10.6875 1
4.78124 10.9687 1
4.78124 11.25 1
4.78124 11.5312 1
4.78124 11.8125 1
4.78124 12.0937 1
4.78124 12.375 1
4.78124 12.6562 1
4.78124 12.9375 1
4.78124 13.2187 1
4.78124 13.5 1
4.78124 13.7812 1
4.78124 14.0625 1
4.78124 14.3437 1
4.78124 14.625 1
4.78124 14.9062 1
4.78124 15.1875 1
4.78124 15.4687 1
4.78124 15.75 1
4.78124 16.0312 1
4.78124 16.3125 1
4.78124 16.5937 1
4.78124 16.875 1
4.78124 17.1562 1
4.78124 17.4375 1
4.78124 17.7187 1
4.78124 18 1

5.06249 0 1
5.06249 0.28125 1
5.06249 0.562499 1
5.06249 0.843749 1
5.06249 1.125 1
5.06249 1.40625 1
5.06249 1.6875 1
5.06249 1.96875 1
5.06249 2.25 1
5.06249 2.53125 1
5.06249 2.8125 1
5.06249 3.09375 1
5.06249 3.375 1
5.06249 3.65625 1
5.06249 3.9375 1
5.06249 4.21875 1
5.06249 4.5 1
5.06249 4.78125 1
5.06249 5.06249 1
5.06249 5.34374 1
5.06249 5.62499 1
5.06249 5.90624 1
5.06249 6.18749 1
5.06249 6.46874 1
5.06249 6.74999 1
5.06249 7.03124 1
5.06249 7.31249 1
5.06249 7.59374 1
5.06249 7.87499 1
5.06249 8.15624 1
5.06249 8.43749 1
5.06249 8.71874 1
5.06249 8.99999 1
5.06249 9.28124 1
5.06249 9.56249 1
5.06249 9.84374 1
5.06249 10.125 1
5.06249 10.4062 1
5.06249 10.6875 1
5.06249 10.9687 1
5.06249 11.25 1
5.06249 11.5312 1
5.06249 11.8125 1
5.06249 12.0937 1
5.06249 12.375 1
5.06249 12.6562 1
5.06249 12.9375 1
5.06249 13.2187 1
5.06249 13.5 1
5.06249 13.7812 1
5.06249 14.0625 1
5.06249 14.3437 1
5.06249 14.625 1
5.06249 14.9062 1
5.06249 15.1875 1
5.06249 15.4687 1
5.06249 15.75 1
5.06249 16.0312 1
5.06249 16.3125 1
5.06249 16.5937 1
5.06249 16.875 1
5.06249 17.1562 1
5.06249 17.4375 1
5.06249 17.7187 1
5.06249 18 1

5.34374 0 1
5.34374 0.28125 1
5.34374 0.562499 1
5.34374 0.843749 1
5.34374 1.125 1
5.34374 1.40625 1
5.34374 1.6875 1
5.34374 1.96875 1
5.34374 2.25 1
5.34374 2.53125 1
5.34374 2.8125 1
5.34374 3.09375 1
5.34374 3.375 1
5.34374 3.65625 1
5.34374 3.9375 1
5.34374 4.21875 1
5.34374 4.5 1
5.34374 4.78125 1
5.34374 5.06249 1
5.34374 5.34374 1
5.34374 5.62499 1
5.34374 5.90624 1
5.34374 6.18749 1
5.34374 6.46874 1
5.34374 6.74999 1
5.34374 7.03124 1
5.34374 7.31249 1
5.34374 7.59374 1
5.34374 7.87499 1
5.34374 8.15624 1
5.34374 8.43749 1
5.34374 8.71874 1
5.34374 8.99999 1
5.34374 9.28124 1
5.34374 9.56249 1
5.34374 9.84374 1
5.34374 10.125 1
5.34374 10.4062 1
5.34374 10.6875 1
5.34374 10.9687 1
5.34374 11.25 1
5.34374 11.5312 1
5.34374 11.8125 1
5.34374 12.0937 1
5.34374 12.375 1
5.34374 12.6562 1
5.34374 12.9375 1
5.34374 13.2187 1
5.34374 13.5 1
5.34374 13.7812 1
5.34374 14.0625 1
5.34374 14.3437 1
5.34374 14.625 1
5.34374 14.9062 1
5.34374 15.1875 1
5.34374 15.4687 1
5.34374 15.75 1
5.34374 16.0312 1
5.34374 16.3125 1
5.34374 16.5937 1
5.34374 16.875 1
5.34374 17.1562 1
5.34374 17.4375 1
5.34374 17.7187 1
5.34374 18 1

5.62499 0 1
5.62499 0.28125 1
5.62499 0.562499 1
5.62499 0.843749 1
5.62499 1.125 1
5.62499 1.40625 1
5.62499 1.6875 1
5.62499 1.96875 1
5.62499 2.25 1
5.62499 2.53125 1
5.62499 2.8125 1
5.62499 3.09375 1
5.62499 3.375 1
5.62499 3.65625 1
5.62499 3.9375 1
5.62499 4.21875 1
5.62499 4.5 1
5.62499 4.78125 1
5.62499 5.06249 1
5.62499 5.34374 1
5.62499 5.62499 1
5.62499 5.90624 1
5.62499 6.18749 1
5.62499 6.46874 1
5.62499 6.74999 1
5.62499 7.03124 1
5.62499 7.31249 1
5.62499 7.59374 1
5.62499 7.87499 1
5.62499 8.15624 1
5.62499 8.43749 1
5.62499 8.71874 1
5.62499 8.99999 1
5.62499 9.28124 1
5.62499 9.56249 1
5.62499 9.84374 1
5.62499 10.125 1
5.62499 10.4062 1
5.62499 10.6875 1
5.62499 10.9687 1
5.62499 11.25 1
5.62499 11.5312 1
5.62499 11.8125 1
5.62499 12.0937 1
5.62499 12.375 1
5.62499 12.6562 1
5.62499 12.9375 1
5.62499 13.2187 1
5.62499 13.5 1
5.62499 13.7812 1
5.62499 14.0625 1
5.62499 14.3437 1
5.62499 14.625 1
5.62499 14.9062 1
5.62499 15.1875 1
5.62499 15.4687 1
5.62499 15.75 1
5.62499 16.0312 1
5.62499 16.3125 1
5.62499 16.5937 1
5.62499 16.875 1
5.62499 17.1562 1
5.62499 17.4375 1
5.62499 17.7187 1
5.62499 18 1

5.90624 0 1
5.90624 0.28125 1
5.90624 0.562499 1
5.90624 0.843749 1
5.90624 1.125 1
5.90624 1.40625 1
5.90624 1.6875 1
5.90624 1.96875 1
5.90624 2.25 1
5.90624 2.53125 1
5.90624 2.8125 1
5.90624 3.09375 1
5.90624 3.375 1
5.90624 3.65625 1
5.90624 3.9375 1
5.90624 4.21875 1
5.90624 4.5 1
5.90624 4.78125 1
5.90624 5.06249 1
5.90624 5.34374 1
5.90624 5.62499 1
5.90624 5.90624 1
5.90624 6.18749 1
5.90624 6.46874 1
5.90624 6.74999 1
5.90624 7.03124 1
5.90624 7.31249 1
5.90624 7.59374 1
5.90624 7.87499 1
5.90624 8.15624 1
5.90624 8.43749 1
5.90624 8.71874 1
5.90624 8.99999 1
5.90624 9.28124 1
5.90624 9.56249 1
5.90624 9.84374 1
5.90624 10.125 1
5.90624 10.4062 1
5.90624 10.6875 1
5.90624 10.9687 1
5.90624 11.25 1
5.90624 11.5312 1
5.90624 11.8125 1
5.90624 12.0937 1
5.90624 12.375 1
5.90624 12.6562 1
5.90624 12.9375 1
5.90624 13.2187 1
5.90624 13.5 1
5.90624 13.7812 1
5.90624 14.0625 1
5.90624 14.3437 1
5.90624 14.625 1
5.90624 14.9062 1
5.90624 15.1875 1
5.90624 15.4687 1
5.90624 15.75 1
5.90624 16.0312 1
5.90624 16.3125 1
5.90624 16.5937 1
5.90624 16.875 1
5.90624 17.1562 1
5.90624 17.4375 1
5.90624 17.7187 1
5.90624 18 1

6.18748 0 1
6.18748 0.28125 1
6.18748 0.562499 1
6.18748 0.843749 1
6.18748 1.125 1
6.18748 1.40625 1
6.18748 1.6875 1
6.18748 1.96875 1
6.18748 2.25 1
6.18748 2.53125 1
6.18748 2.8125 1
6.18748 3.09375 1
6.18748 3.375 1
6.18748 3.65625 1
6.18748 3.9375 1
6.18748 4.21875 1
6.18748 4.5 1
6.18748 4.78125 1
6.18748 5.06249 1
6.18748 5.34374 1
6.18748 5.62499 1
6.18748 5.90624 1
6.18748 6.18749 1
6.18748 6.46874 1
6.18748 6.74999 1
6.18748 7.03124 1
6.18748 7.31249 1
6.18748 7.59374 1
6.18748 7.87499 1
6.18748 8.15624 1
6.18748 8.43749 1
6.18748 8.71874 1
6.18748 8.99999 1
6.18748 9.28124 1
6.18748 9.56249 1
6.18748 9.84374 1
6.18748 10.125 1
6.18748 10.4062 1
6.18748 10.6875 1
6.18748 10.9687 1
6.18748 11.25 1
6.18748 11.5312 1
6.18748 11.8125 1
6.18748 12.0937 1
6.18748 12.375 1
6.18748 12.6562 1
6.18748 12.9375 1
6.18748 13.2187 1
6.18748 13.5 1
6.18748 13.7812 1
6.18748 14.0625 1
6.18748 14.3437 1
6.18748 14.625 1
6.18748 14.9062 1
6.18748 15.1875 1
6.18748 15.4687 1
6.18748 15.75 1
6.18748 16.0312 1
6.18748 16.3125 1
6.18748 16.5937 1
6.18748 16.875 1
6.18748 17.1562 1
6.18748 17.4375 1
6.18748 17.7187 1
6.18748 18 1

6.46873 0 1
6.46873 0.28125 1
6.46873 0.562499 1
6.46873 0.843749 1
6.46873 1.125 1
6.46873 1.40625 1
6.46873 1.6875 1
6.46873 1.96875 1
6.46873 2.25 1
6.46873 2.53125 1
6.46873 2.8125 1
6.46873 3.09375 1
6.46873 3.375 1
6.46873 3.65625 1
6.46873 3.9375 1
6.46873 4.21875 1
6.46873 4.5 1
6.46873 4.78125 1
6.46873 5.06249 1
6.46873 5.34374 1
6.46873 5.62499 1
6.46873 5.90624 1
6.46873 6.18749 1
6.46873 6.46874 1
6.46873 6.74999 1
6.46873 7.03124 1
6.46873 7.31249 1
6.46873 7.59374 1
6.46873 7.87499 1
6.46873 8.15624 1
6.46873 8.43749 1
6.46873 8.71874 1
6.46873 8.99999 1
6.46873 9.28124 1
6.46873 9.56249 1
6.46873 9.84374 1
6.46873 10.125 1
6.46873 10.4062 1
6.46873 10.6875 1
6.46873 10.9687 1
6.46873 11.25 1
6.46873 11.5312 1
6.46873 11.8125 1
6.46873 12.0937 1
6.46873 12.375 1
6.46873 12.6562 1
6.46873 12.9375 1
6.46873 13.2187 1
6.46873 13.5 1
6.46873 13.7812 1
6.46873 14.0625 1
6.46873 14.3437 1
6.46873 14.625 1
6.46873 14.9062 1
6.46873 15.1875 1
6.46873 15.4687 1
6.46873 15.75 1
6.46873 16.0312 1
6.46873 16.3125 1
6.46873 16.5937 1
6.46873 16.875 1
6.46873 17.1562 1
6.46873 17.4375 1
6.46873 17.7187 1
6.46873 18 1

6.74998 0 1
6.74998 0.28125 1
6.74998 0.562499 1
6.74998 0.843749 1
6.74998 1.125 1
6.74998 1.40625 1
6.74998 1.6875 1
6.74998 1.96875 1
6.74998 2.25 1
6.74998 2.53125 1
6.74998 2.8125 1
6.74998 3.09375 1
6.74998 3.375 1
6.74998 3.65625 1
6.74998 3.9375 1
6.74998 4.21875 1
6.74998 4.5 1
6.74998 4.78125 1
6.74998 5.06249 1
6.74998 5.34374 1
6.74998 5.62499 1
6.74998 5.90624 1
6.74998 6.18749 1
6.74998 6.46874 1
6.74998 6.74999 1
6.74998 7.03124 1
6.74998 7.31249 1
6.74998 7.59374 1
6.74998 7.87499 1
6.74998 8.15624 1
6.74998 8.43749 1
6.74998 8.71874 1
6.74998 8.99999 1
6.74998 9.28124 1
6.74998 9.56249 1
6.74998 9.84374 1
6.74998 10.125 1
6.74998 10.4062 1
6.74998 10.6875 1
6.74998 10.9687 1
6.74998 11.25 1
6.74998 11.5312 1
6.74998 11.8125 1
6.74998 12.0937 1
6.74998 12.375 1
6.74998 12.6562 1
6.74998 12.9375 1
6.74998 13.2187 1
6.74998 13.5 1
6.74998 13.7812 1
6.74998 14.0625 1
6.74998 14.3437 1
6.74998 14.625 1
6.74998 14.9062 1
6.74998 15.1875 1
6.74998 15.4687 1
6.74998 15.75 1
6.74998 16.0312 1
6.74998 16.3125 1
6.74998 16.5937 1
6.74998 16.875 1
6.74998 17.1562 1
6.74998 17.4375 1
6.74998 17.7187 1
6.74998 18 1

7.03123 0 1
7.03123 0.28125 1
7.03123 0.562499 1
7.03123 0.843749 1
7.03123 1.125 1
7.03123 1.40625 1
7.03123 1.6875 1
7.03123 1.96875 1
7.03123 2.25 1
7.03123 2.53125 1
7.03123 2.8125 1
7.03123 3.09375 1
7.03123 3.375 1
7.03123 3.65625 1
7.03123 3.9375 1
7.03123 4.21875 1
7.03123 4.5 1
7.03123 4.78125 1
7.03123 5.06249 1
7.03123 5.34374 1
7.03123 5.62499 1
7.03123 5.90624 1
7.03123 6.18749 1
7.03123 6.46874 1
7.03123 6.74999 1
7.03123 7.03124 1
7.03123 7.31249 1
7.03123 7.59374 1
7.03123 7.87499 1
7.03123 8.15624 1
7.03123 8.43749 1
7.03123 8.71874 1
7.03123 8.99999 1
7.03123 9.28124 1
7.03123 9.56249 1
7.03123 9.84374 1
7.03123 10.125 1
7.03123 10.4062 1
7.03123 10.6875 1
7.03123 10.9687 1
7.03123 11.25 1
7.03123 11.5312 1
7.03123 11.8125 1
7.03123 12.0937 1
7.03123 12.375 1
7.03123 12.6562 1
7.03123 12.9375 1
7.03123 13.2187 1
7.03123 13.5 1
7.03123 13.7812 1
7.03123 14.0625 1
7.03123 14.3437 1
7.03123 14.625 1
7.03123 14.9062 1
7.03123 15.1875 1
7.03123 15.4687 1
7.03123 15.75 1
7.03123 16.0312 1
7.03123 16.3125 1
7.03123 16.5937 1
7.03123 16.875 1
7.03123 17.1562 1
7.03123 17.4375 1
7.03123 17.7187 1
7.03123 18 1

7.31248 0 1
7.31248 0.28125 1
7.31248 0.562499 1
7.31248 0.843749 1
7.31248 1.125 1
7.31248 1.40625 1
7.31248 1.6875 1
7.31248 1.96875 1
7.31248 2.25 1
7.31248 2.53125 1
7.31248 2.8125 1
7.31248 3.09375 1
7.31248 3.375 1
7.31248 3.65625 1
7.31248 3.9375 1
7.31248 4.21875 1
7.31248 4.5 1
7.31248 4.78125 1
7.31248 5.06249 1
7.31248 5.34374 1
7.31248 5.62499 1
7.31248 5.90624 1
7.31248 6.18749 1
7.31248 6.46874 1
7.31248 6.74999 1
7.31248 7.03124 1
7.31248 7.31249 1
7.31248 7.59374 1
7.31248 7.87499 1
7.31248 8.15624 1
7.31248 8.43749 1
7.31248 8.71874 1
7.31248 8.99999 1
7.31248 9.28124 1
7.31248 9.56249 1
7.31248 9.84374 1
7.31248 10.125 1
7.31248 10.4062 1
7.31248 10.6875 1
7.31248 10.9687 1
7.31248 11.25 1
7.31248 11.5312 1
7.31248 11.8125 1
7.31248 12.0937 1
7.31248 12.375 1
7.31248 12.6562 1
7.31248 12.9375 1
7.31248 13.2187 1
7.31248 13.5 1
7.31248 13.7812 1
7.31248 14.0625 1
7.31248 14.3437 1
7.31248 14.625 1
7.31248 14.9062 1
7.31248 15.1875 1
7.31248 15.4687 1
7.31248 15.75 1
7.31248 16.0312 1
7.31248 16.3125 1
7.31248 16.5937 1
7.31248 16.875 1
7.31248 17.1562 1
7.31248 17.4375 1
7.31248 17.7187 1
7.31248 18 1

7.59373 0 1
7.59373 0.28125 1
7.59373 0.562499 1
7.59373 0.843749 1
7.59373 1.125 1
7.59373 1.40625 1
7.59373 1.6875 1
7.59373 1.96875 1
7.59373 2.25 1
7.59373 2.53125 1
7.59373 2.8125 1
7.59373 3.09375 1
7.59373 3.375 1
7.59373 3.65625 1
7.59373 3.9375 1
7.59373 4.21875 1
7.59373 4.5 1
7.59373 4.78125 1
7.59373 5.06249 1
7.59373 5.34374 1
7.59373 5.62499 1
7.59373 5.90624 1
7.59373 6.18749 1
7.59373 6.46874 1
7.59373 6.74999 1
7.59373 7.03124 1
7.59373 7.31249 1
7.59373 7.59374 1
7.59373 7.87499 1
7.59373 8.15624 1
7.59373 8.43749 1
7.59373 8.71874 1
7.59373 8.99999 1
7.59373 9.28124 1
7.59373 9.56249 1
7.59373 9.84374 1
7.59373 10.125 1
7.59373 10.4062 1
7.59373 10.6875 1
7.59373 10.9687 1
7.59373 11.25 1
7.59373 11.5312 1
7.59373 11.8125 1
7.59373 12.0937 1
7.59373 12.375 1
7.59373 12.6562 1
7.59373 12.9375 1
7.59373 13.2187 1
7.59373 13.5 1
7.59373 13.7812 1
7.59373 14.0625 1
7.59373 14.3437 1
7.59373 14.625 1
7.59373 14.9062 1
7.59373 15.1875 1
7.59373 15.4687 1
7.59373 15.75 1
7.59373 16.0312 1
7.59373 16.3125 1
7.59373 16.5937 1
7.59373 16.875 1
7.59373 17.1562 1
7.59373 17.4375 1
7.59373 17.7187 1
7.59373 18 1

7.87498 0 1
7.87498 0.28125 1
7.87498 0.562499 1
7.87498 0.843749 1
7.87498 1.125 1
7.87498 1.40625 1
7.87498 1.6875 1
7.87498 1.96875 1
7.87498 2.25 1
7.87498 2.53125 1
7.87498 2.8125 1
7.87498 3.09375 1
7.87498 3.375 1
7.87498 3.65625 1
7.87498 3.9375 1
7.87498 4.21875 1
7.87498 4.5 1
7.87498 4.78125 1
7.87498 5.06249 1
7.87498 5.34374 1
7.87498 5.62499 1
7.87498 5.90624 1
7.87498 6.18749 1
7.87498 6.46874 1
7.87498 6.74999 1
7.87498 7.03124 1
7.87498 7.31249 1
7.87498 7.59374 1
7.87498 7.87499 1
7.87498 8.15624 1
7.87498 8.43749 1
7.87498 8.71874 1
7.87498 8.99999 1
7.87498 9.28124 1
7.87498 9.56249 1
7.87498 9.84374 1
7.87498 10.125 1
7.87498 10.4062 1
7.87498 10.6875 1
7.87498 10.9687 1
7.87498 11.25 1
7.87498 11.5312 1
7.87498 11.8125 1
7.87498 12.0937 1
7.87498 12.375 1
7.87498 12.6562 1
7.87498 12.9375 1
7.87498 13.2187 1
7.87498 13.5 1
7.87498 13.7812 1
7.87498 14.0625 1
7.87498 14.3437 1
7.87498 14.625 1
7.87498 14.9062 1
7.87498 15.1875 1
7.87498 15.4687 1
7.87498 15.75 1
7.87498 16.0312 1
7.87498 16.3125 1
7.87498 16.5937 1
7.87498 16.875 1
7.87498 17.1562 1
7.87498 17.4375 1
7.87498 17.7187 1
7.87498 18 1

8.15623 0 1
8.15623 0.28125 1
8.15623 0.562499 1
8.15623 0.843749 1
8.15623 1.125 1
8.15623 1.40625 1
8.15623 1.6875 1
8.15623 1.96875 1
8.15623 2.25 1
8.15623 2.53125 1
8.15623 2.8125 1
8.15623 3.09375 1
8.15623 3.375 1
8.15623 3.65625 1
8.15623 3.9375 1
8.15623 4.21875 1
8.15623 4.5 1
8.15623 4.78125 1
8.15623 5.06249 1
8.15623 5.34374 1
8.15623 5.62499 1
8.15623 5.90624 1
8.15623 6.18749 1
8.15623 6.46874 1
8.15623 6.74999 1
8.15623 7.03124 1
8.15623 7.31249 1
8.15623 7.59374 1
8.15623 7.87499 1
8.15623 8.15624 1
8.15623 8.43749 1
8.15623 8.71874 1
8.15623 8.99999 1
8.15623 9.28124 1
8.15623 9.56249 1
8.15623 9.84374 1
8.15623 10.125 1
8.15623 10.4062 1
8.15623 10.6875 1
8.15623 10.9687 1
8.15623 11.25 1
8.15623 11.5312 1
8.15623 11.8125 1
8.15623 12.0937 1
8.15623 12.375 1
8.15623 12.6562 1
8.15623 12.9375 1
8.15623 13.2187 1
8.15623 13.5 1
8.15623 13.7812 1
8.15623 14.0625 1
8.15623 14.3437 1
8.15623 14.625 1
8.15623 14.9062 1
8.15623 15.1875 1
8.15623 15.4687 1
8.15623 15.75 1
8.15623 16.0312 1
8.15623 16.3125 1
8.15623 16.5937 1
8.15623 16.875 1
8.15623 17.1562 1
8.15623 17.4375 1
8.15623 17.7187 1
8.15623 18 1

8.43748 0 1
8.43748 0.28125 1
8.43748 0.562499 1
8.43748 0.843749 1
8.43748 1.125 1
8.43748 1.40625 1
8.43748 1.6875 1
8.43748 1.96875 1
8.43748 2.25 1
8.43748 2.53125 1
8.43748 2.8125 1
8.43748 3.09375 1
8.43748 3.375 1
8.43748 3.65625 1
8.43748 3.9375 1
8.43748 4.21875 1
8.43748 4.5 1
8.43748 4.78125 1
8.43748 5.06249 1
8.43748 5.34374 1
8.43748 5.62499 1
8.43748 5.90624 1
8.43748 6.18749 1
8.43748 6.46874 1
8.43748 6.74999 1
8.43748 7.03124 1
8.43748 7.31249 1
8.43748 7.59374 1
8.43748 7.87499 1
8.43748 8.15624 1
8.43748 8.43749 1
8.43748 8.71874 1
8.43748 8.99999 1
8.43748 9.28124 1
8.43748 9.56249 1
8.43748 9.84374 1
8.43748 10.125 1
8.43748 10.4062 1
8.43748 10.6875 1
8.43748 10.9687 1
8.43748 11.25 1
8.43748 11.5312 1
8.43748 11.8125 1
8.43748 12.0937 1
8.43748 12.375 1
8.43748 12.6562 1
8.43748 12.9375 1
8.43748 13.2187 1
8.43748 13.5 1
8.43748 13.7812 1
8.43748 14.0625 1
8.43748 14.3437 1
8.43748 14.625 1
8.43748 14.9062 1
8.43748 15.1875 1
8.43748 15.4687 1
8.43748 15.75 1
8.43748 16.0312 1
8.43748 16.3125 1
8.43748 16.5937 1
8.43748 16.875 1
8.43748 17.1562 1
8.43748 17.4375 1
8.43748 17.7187 1
8.43748 18 1

8.71873 0 1
8.71873 0.28125 1
8.71873 0.562499 1
8.71873 0.843749 1
8.71873 1.125 1
8.71873 1.40625 1
8.71873 1.6875 1
8.71873 1.96875 1
8.71873 2.25 1
8.71873 2.53125 1
8.71873 2.8125 1
8.71873 3.09375 1
8.71873 3.375 1
8.71873 3.65625 1
8.71873 3.9375 1
8.71873 4.21875 1
8.71873 4.5 1
8.71873 4.78125 1
8.71873 5.06249 1
8.71873 5.34374 1
8.71873 5.62499 1
8.71873 5.90624 1
8.71873 6.18749 1
8.71873 6.46874 1
8.71873 6.74999 1
8.71873 7.03124 1
8.71873 7.31249 1
8.71873 7.59374 1
8.71873 7.87499 1
8.71873 8.15624 1
8.71873 8.43749 1
8.71873 8.71874 1
8.71873 8.99999 1
8.71873 9.28124 1
8.71873 9.56249 1
8.71873 9.84374 1
8.71873 10.125 1
8.71873 10.4062 1
8.71873 10.6875 1
8.71873 10.9687 1
8.71873 11.25 1
8.71873 11.5312 1
8.71873 11.8125 1
8.71873 12.0937 1
8.71873 12.375 1
8.71873 12.6562 1
8.71873 12.9375 1
8.71873 13.2187 1
8.71873 13.5 1
8.71873 13.7812 1
8.71873 14.0625 1
8.71873 14.3437 1
8.71873 14.625 1
8.71873 14.9062 1
8.71873 15.1875 1
8.71873 15.4687 1
8.71873 15.75 1
8.71873 16.0312 1
8.71873 16.3125 1
8.71873 16.5937 1
8.71873 16.875 1
8.71873 17.1562 1
8.71873 17.4375 1
8.71873 17.7187 1
8.71873 18 1

8.99998 0 1
8.99998 0.28125 1
8.99998 0.562499 1
8.99998 0.843749 1
8.99998 1.125 1
8.99998 1.40625 1
8.99998 1.6875 1
8.99998 1.96875 1
8.99998 2.25 1
8.99998 2.53125 1
8.99998 2.8125 1
8.99998 3.09375 1
8.99998 3.375 1
8.99998 3.65625 1
8.99998 3.9375 1
8.99998 4.21875 1
8.99998 4.5 1
8.99998 4.78125 1
8.99998 5.06249 1
8.99998 5.34374 1
8.99998 5.62499 1
8.99998 5.90624 1
8.99998 6.18749 1
8.99998 6.46874 1
8.99998 6.74999 1
8.99998 7.03124 1
8.99998 7.31249 1
8.99998 7.59374 1
8.99998 7.87499 1
8.99998 8.15624 1
8.99998 8.43749 1
8.99998 8.71874 1
8.99998 8.99999 1
8.99998 9.28124 1
8.99998 9.56249 1
8.99998 9.84374 1
8.99998 10.125 1
8.99998 10.4062 1
8.99998 10.6875 1
8.99998 10.9687 1
8.99998 11.25 1
8.99998 11.5312 1
8.99998 11.8125 1
8.99998 12.0937 1
8.99998 12.375 1
8.99998 12.6562 1
8.99998 12.9375 1
8.99998 13.2187 1
8.99998 13.5 1
8.99998 13.7812 1
8.99998 14.0625 1
8.99998 14.3437 1
8.99998 14.625 1
8.99998 14.9062 1
8.99998 15.1875 1
8.99998 15.4687 1
8.99998 15.75 1
8.99998 16.0312 1
8.99998 16.3125 1
8.99998 16.5937 1
8.99998 16.875 1
8.99998 17.1562 1
8.99998 17.4375 1
8.99998 17.7187 1
8.99998 18 1

